0.179134
0.109092
0.112344
0.112401
0.111829
0.111075
0.110183
0.109137
0.107912
0.106486
0.104848
0.103001
0.100977
0.0988295
0.0966381
0.0944879
0.0924542
0.0905883
0.0889138
0.087431
0.0861251
0.0849746
0.0839575
0.0830543
0.0822494
0.0815304
0.0808876
0.0803126
0.0797972
0.0793332
0.0789119
0.0785247
0.0781628
0.0778178
0.0774822
0.0771492
0.0768133
0.07647
0.076116
0.0757492
0.0753682
0.0749727
0.0745629
0.0741397
0.0737045
0.073259
0.0728051
0.0723448
0.0718802
0.0714133
0.0709463
0.0704809
0.0700191
0.0695625
0.0691126
0.0686711
0.0682392
0.0678182
0.0674093
0.0670138
0.0666327
0.0662671
0.0659182
0.0655871
0.065275
0.0649829
0.064712
0.0644631
0.0642371
0.0640345
0.0638557
0.0637001
0.0635668
0.063454
0.0633588
0.0632771
0.0632038
0.0631326
0.063056
0.0629662
0.0628548
0.062714
0.0625367
0.0623172
0.0620514
0.061737
0.0613738
0.0609644
0.060516
0.0600429
0.0595685
0.0591256
0.0587508
0.0584767
0.0583236
0.0582953
0.0583805
0.0585565
0.058795
0.0590672
0.0593482
0.0596188
0.0598668
0.0600866
0.0602781
0.0604457
0.0605978
0.0607457
0.0609034
0.0610877
0.0613177
0.0616153
0.0620044
0.0625107
0.0631604
0.0639779
0.0649821
0.0661815
0.067568
0.0691087
0.0707387
0.0723596
0.0738481
0.075082
0.0759776
0.0765171
0.0767482
0.0767561
0.0766292
0.0764384
0.0762312
0.0760363
0.0758692
0.0757379
0.0756454
0.075592
0.0755762
0.0755952
0.0756455
0.0757226
0.075822
0.0759388
0.076068
0.0762048
0.0763447
0.0764834
0.076617
0.076742
0.0768554
0.0769546
0.0770375
0.0771022
0.0771475
0.0771723
0.077176
0.0771582
0.0771188
0.0770579
0.0769758
0.0768731
0.0767502
0.0766081
0.0764475
0.0762694
0.0760746
0.0758643
0.0756394
0.075401
0.07515
0.0748876
0.0746147
0.0743322
0.0740411
0.0737423
0.0734366
0.0731248
0.0728076
0.0724858
0.07216
0.0718307
0.0714985
0.0711638
0.0708272
0.0704888
0.0701492
0.0698085
0.0694671
0.069125
0.0687825
0.0684396
0.0680966
0.0677534
0.0674102
0.067067
0.0667238
0.0663807
0.0660377
0.065695
0.0653525
0.0650103
0.0646686
0.0643275
0.0639872
0.0636477
0.0633095
0.0629726
0.0626374
0.0623043
0.0619734
0.0616452
0.0613201
0.0609984
0.0606805
0.0603669
0.0600579
0.0597541
0.0594557
0.0591633
0.0588771
0.0585976
0.0583252
0.0580602
0.0578029
0.0575537
0.0573129
0.0570808
0.0568576
0.0566437
0.0564392
0.0562445
0.0560598
0.0558853
0.0557212
0.0555678
0.0554254
0.055294
0.0551741
0.0550657
0.0549692
0.0548847
0.0548125
0.0547528
0.0547057
0.0546716
0.0546505
0.0546427
0.0546481
0.0546671
0.0546995
0.0547453
0.0548046
0.0548772
0.0549628
0.0550611
0.0551716
0.0552938
0.0554269
0.0555699
0.0557216
0.0558808
0.0560457
0.0562145
0.0563848
0.0565543
0.0567202
0.0568794
0.0570289
0.0571653
0.0572854
0.0573861
0.0574646
0.0575186
0.0575463
0.0575469
0.0575202
0.0574671
0.0573893
0.0572895
0.057171
0.0570375
0.0568935
0.0567432
0.0565909
0.0564408
0.0562967
0.0561619
0.0560391
0.0559305
0.0558376
0.0557614
0.0557022
0.0556598
0.0556332
0.0556214
0.0556227
0.0556352
0.0556567
0.055685
0.0557178
0.055753
0.0557887
0.0558229
0.0558542
0.0558813
0.0559032
0.0559193
0.0559292
0.0559326
0.0559296
0.0559205
0.0559055
0.0558851
0.0558597
0.0558301
0.0557967
0.0557601
0.0557209
0.0556796
0.0556365
0.0555922
0.0555468
0.0555007
0.0554539
0.0554065
0.0553585
0.0553096
0.0552597
0.0552085
0.0551554
0.0551
0.0550417
0.0549799
0.0549139
0.054843
0.0547665
0.0546836
0.0545937
0.0544961
0.0543905
0.0542762
0.0541531
0.0540211
0.0538802
0.0537305
0.0535725
0.0534068
0.0532339
0.0530548
0.0528704
0.0526816
0.0524896
0.0522954
0.0521
0.0519045
0.0517098
0.0515169
0.0513265
0.0511395
0.0509566
0.0507782
0.050605
0.0504374
0.0502758
0.0501206
0.049972
0.0498303
0.0496958
0.0495685
0.0494487
0.0493363
0.0492315
0.0491342
0.0490445
0.0489622
0.0488872
0.0488195
0.0487589
0.0487051
0.048658
0.0486175
0.0485833
0.0485552
0.0485331
0.0485169
0.0485064
0.0485016
0.0485026
0.0485094
0.048522
0.0485407
0.0485658
0.0485974
0.048636
0.0486819
0.0487356
0.0487977
0.0488686
0.0489489
0.0490393
0.0491404
0.0492528
0.0493771
0.0495141
0.0496644
0.0498287
0.0500073
0.050201
0.05041
0.0506346
0.050875
0.0511311
0.0514023
0.0516881
0.0519872
0.0522979
0.052618
0.0529443
0.0532732
0.0536001
0.0539194
0.0542249
0.0545098
0.0547666
0.0549881
0.0551672
0.0552978
0.0553753
0.0553967
0.0553613
0.0552705
0.055128
0.054939
0.0547102
0.0544487
0.0541621
0.0538576
0.0535415
0.0532195
0.0528964
0.0525759
0.0522609
0.0519538
0.0516564
0.05137
0.0510959
0.0508349
0.0505883
0.0503567
0.0501414
0.0499432
0.0497632
0.0496023
0.0494612
0.0493406
0.0492406
0.0491613
0.0491019
0.0490613
0.0490379
0.0490295
0.0490334
0.0490465
0.0490656
0.0490873
0.0491084
0.0491258
0.0491369
0.0491395
0.0491317
0.0491124
0.0490808
0.0490367
0.0489801
0.0489116
0.048832
0.0487422
0.0486435
0.0485371
0.0484245
0.048307
0.0481862
0.0480636
0.0479404
0.0478182
0.0476984
0.0475823
0.0474711
0.0473661
0.0472685
0.0471795
0.0471001
0.0470314
0.0469743
0.0469299
0.0468989
0.0468824
0.046881
0.0468955
0.0469266
0.0469751
0.0470413
0.0471259
0.0472292
0.0473517
0.0474934
0.0476545
0.0478349
0.0480344
0.0482525
0.0484886
0.0487417
0.0490105
0.0492935
0.0495886
0.0498934
0.0502049
0.0505198
0.0508341
0.0511432
0.0514421
0.0517256
0.0519876
0.0522225
0.0524243
0.0525874
0.052707
0.0527792
0.0528012
0.0527718
0.0526915
0.0525622
0.0523873
0.0521715
0.0519202
0.0516394
0.0513352
0.0510134
0.0506795
0.0503384
0.0499944
0.0496509
0.0493111
0.0489771
0.0486509
0.0483338
0.0480268
0.0477306
0.0474456
0.047172
0.0469098
0.046659
0.0464194
0.0461907
0.0459727
0.0457651
0.0455676
0.0453798
0.0452014
0.0450322
0.044872
0.0447204
0.0445774
0.0444428
0.0443165
0.0441984
0.0440885
0.0439868
0.0438934
0.0438083
0.0437317
0.0436637
0.0436045
0.0435543
0.0435134
0.0434821
0.0434606
0.0434493
0.0434485
0.0434587
0.0434802
0.0435136
0.0435592
0.0436176
0.0436894
0.043775
0.0438751
0.0439904
0.0441214
0.0442689
0.0444336
0.0446162
0.0448174
0.0450381
0.045279
0.0455408
0.0458243
0.0461301
0.0464588
0.0468109
0.0471864
0.0475856
0.048008
0.048453
0.0489192
0.0494049
0.0499075
0.0504235
0.0509485
0.0514773
0.0520034
0.0525197
0.0530182
0.0534907
0.053929
0.0543256
0.0546739
0.0549693
0.0552092
0.0553932
0.0555234
0.0556036
0.0556395
0.0556376
0.0556051
0.0555488
0.0554755
0.0553909
0.0552999
0.0552066
0.055114
0.0550246
0.0549401
0.0548616
0.0547901
0.054726
0.0546695
0.0546211
0.0545807
0.0545485
0.0545248
0.0545096
0.0545034
0.0545064
0.0545191
0.054542
0.0545758
0.0546211
0.0546788
0.0547497
0.0548346
0.0549346
0.0550504
0.0551831
0.055333
0.0555018
0.0556875
0.055896
0.0561142
0.0563709
0.0565982
0.0569516
0.057056
0.0578134
0.0570124
0.0601869
0.0539291
0.0715347
0.0488781
0.0799846
0.0490524
0.0792423
0.0492825
0.0799243
0.0495187
0.0804556
0.0497177
0.080935
0.0498709
0.081324
0.0499747
0.0816196
0.0500304
0.0818256
0.0500415
0.0819501
0.0500123
0.0820025
0.0499476
0.0819925
0.0498523
0.0819292
0.0497308
0.0818209
0.0495873
0.0816752
0.0494257
0.0814989
0.0492494
0.0812984
0.0490618
0.0810796
0.048866
0.0808482
0.0486649
0.08061
0.0484616
0.080371
0.0482593
0.0801377
0.0480613
0.0799173
0.0478713
0.0797179
0.0476937
0.0795487
0.0475332
0.0794201
0.0473954
0.079343
0.0472865
0.0793287
0.0472131
0.0793867
0.0471812
0.0795233
0.0471957
0.0797383
0.0472582
0.0800224
0.0473656
0.0803556
0.0475086
0.0807079
0.0476714
0.0810426
0.0478336
0.0813226
0.0479728
0.0815154
0.0480693
0.0815977
0.0481083
0.0815572
0.0480816
0.0813914
0.047987
0.0811062
0.0478271
0.0807122
0.0476079
0.0802224
0.0473369
0.0796507
0.0470221
0.0790105
0.0466719
0.0783141
0.0462937
0.0775729
0.0458949
0.076797
0.045482
0.0759961
0.0450609
0.075179
0.0446371
0.0743539
0.0442158
0.0735289
0.0438016
0.0727117
0.043399
0.0719101
0.0430122
0.0711315
0.0426452
0.0703837
0.0423019
0.0696742
0.0419861
0.0690108
0.0417015
0.0684016
0.0414518
0.0678546
0.0412406
0.0673781
0.0410716
0.0669806
0.0409483
0.0666708
0.0408743
0.066457
0.0408529
0.0663473
0.0408872
0.0663488
0.0409794
0.0664667
0.0411308
0.0667026
0.0413404
0.0670529
0.0416045
0.0675054
0.0419145
0.068036
0.0422559
0.0686051
0.0426063
0.0691552
0.0429356
0.0696124
0.0432078
0.0698945
0.0433869
0.0699261
0.0434447
0.0696578
0.0433685
0.0690825
0.0431645
0.0682382
0.0428532
0.0671958
0.0424606
0.0660371
0.04201
0.0648334
0.0415168
0.0636334
0.0409887
0.0624618
0.0404275
0.061325
0.0398326
0.0602182
0.0392032
0.0591329
0.0385398
0.058061
0.0378452
0.0569987
0.0371251
0.0559474
0.0363879
0.0549149
0.0356444
0.0539151
0.0349082
0.0529675
0.0341946
0.0520961
0.0335202
0.0513271
0.032902
0.0506866
0.0323563
0.0501971
0.0318971
0.0498734
0.0315346
0.0497178
0.0312725
0.0497157
0.0311059
0.0498333
0.03102
0.0500191
0.0309902
0.0502107
0.0309849
0.0503451
0.0309712
0.0503701
0.0309201
0.0502518
0.0308112
0.0499769
0.0306339
0.0495493
0.0303873
0.0489852
0.0300771
0.0483066
0.0297133
0.0475376
0.0293079
0.0467012
0.0288731
0.0458183
0.0284207
0.0449071
0.0279612
0.0439834
0.027504
0.0430609
0.0270573
0.0421516
0.0266281
0.0412665
0.0262227
0.0404156
0.0258463
0.0396081
0.0255039
0.0388531
0.0251997
0.0381592
0.0249379
0.0375351
0.0247225
0.0369892
0.0245572
0.0365301
0.024446
0.0361667
0.0243934
0.0359084
0.0244038
0.0357654
0.0244827
0.0357495
0.0246364
0.0358741
0.0248722
0.0361553
0.0251991
0.036612
0.0256281
0.0372674
0.0261725
0.0381492
0.0268487
0.0392907
0.0276769
0.0407319
0.0286815
0.04252
0.0298914
0.0447098
0.03134
0.0473628
0.0330628
0.0505426
0.0350925
0.0543046
0.0374474
0.0586743
0.0401112
0.0636086
0.0430025
0.068939
0.0459438
0.0743168
0.048657
0.079209
0.0508281
0.082999
0.0522469
0.0851829
0.0528897
0.0855691
0.0528306
0.0843625
0.0521816
0.0820771
0.0511254
0.0792978
0.0498595
0.0764507
0.0485201
0.0737461
0.0471772
0.0712445
0.0458604
0.0689359
0.0445815
0.0667903
0.0433458
0.0647799
0.0421575
0.0628853
0.0410205
0.0610965
0.0399395
0.0594103
0.0389193
0.0578284
0.0379648
0.0563564
0.0370808
0.0550024
0.0362724
0.0537762
0.0355445
0.0526893
0.0349023
0.0517548
0.0343511
0.050987
0.0338967
0.0504016
0.0335455
0.0500154
0.0333044
0.0498463
0.0331811
0.049913
0.0331838
0.0502344
0.0333212
0.0508288
0.0336017
0.0517141
0.0340338
0.0529069
0.0346245
0.0544217
0.0353797
0.0562696
0.0363019
0.0584531
0.0373887
0.0609578
0.0386272
0.0637359
0.0399872
0.0666853
0.0414104
0.0696294
0.0428033
0.072318
0.0440428
0.0744705
0.0450069
0.0758653
0.0456256
0.0764358
0.0459158
0.0763018
0.0459654
0.0757096
0.0458817
0.0749228
0.0457473
0.0741367
0.0456083
0.0734534
0.045483
0.0729024
0.045375
0.0724739
0.0452818
0.0721439
0.0452
0.0718869
0.0451265
0.0716814
0.0450591
0.0715111
0.0449966
0.071364
0.044938
0.0712321
0.0448829
0.07111
0.0448311
0.0709943
0.0447825
0.0708831
0.0447371
0.0707758
0.044695
0.0706722
0.0446564
0.0705733
0.0446216
0.0704802
0.0445911
0.070395
0.0445654
0.0703206
0.0445456
0.0702606
0.0445329
0.0702202
0.0445294
0.0702061
0.0445376
0.0702273
0.0445613
0.0702964
0.0446056
0.0704299
0.0446777
0.0706502
0.0447872
0.0709863
0.0449468
0.0714757
0.0451728
0.0721634
0.0454845
0.0730989
0.0459026
0.0743272
0.0464452
0.0758726
0.0471203
0.0777149
0.0479169
0.0797706
0.0487981
0.0818945
0.0497044
0.0839164
0.0505677
0.085696
0.0513307
0.087159
0.0519603
0.0882978
0.0524476
0.0891463
0.0528013
0.0897545
0.0530383
0.0901723
0.0531783
0.0904424
0.0532394
0.0905989
0.0532373
0.0906678
0.0531849
0.0906689
0.0530926
0.0906169
0.0529684
0.0905227
0.0528188
0.0903946
0.0526485
0.0902387
0.0524617
0.0900595
0.0522611
0.0898605
0.0520494
0.0896445
0.0518282
0.0894133
0.051599
0.0891686
0.051363
0.0889115
0.0511211
0.0886428
0.0508739
0.0883633
0.0506219
0.0880733
0.0503655
0.0877731
0.050105
0.087463
0.0498405
0.0871431
0.0495722
0.0868132
0.0493
0.0864732
0.049024
0.0861231
0.048744
0.0857625
0.04846
0.0853911
0.0481717
0.0850085
0.0478791
0.0846143
0.0475819
0.0842079
0.0472797
0.0837887
0.0469724
0.0833562
0.0466595
0.0829094
0.0463408
0.0824477
0.0460158
0.0819702
0.045684
0.0814757
0.0453451
0.0809634
0.0449985
0.0804319
0.0446436
0.0798801
0.0442798
0.0793065
0.0439066
0.0787096
0.0435232
0.0780879
0.043129
0.0774397
0.0427232
0.0767631
0.042305
0.0760563
0.0418737
0.0753173
0.0414286
0.0745442
0.0409687
0.0737349
0.0404934
0.0728876
0.040002
0.0720002
0.0394939
0.0710713
0.0389685
0.0700992
0.0384256
0.0690829
0.0378649
0.0680218
0.0372865
0.0669157
0.0366907
0.0657651
0.0360781
0.0645712
0.0354494
0.063336
0.034806
0.0620623
0.0341494
0.0607537
0.0334813
0.0594146
0.0328039
0.05805
0.0321195
0.0566655
0.0314306
0.055267
0.0307399
0.0538607
0.03005
0.0524527
0.0293638
0.0510489
0.0286837
0.0496551
0.0280122
0.0482764
0.0273518
0.0469176
0.0267045
0.0455828
0.0260722
0.0442755
0.0254566
0.0429986
0.0248591
0.0417546
0.0242808
0.0405454
0.0237228
0.0393723
0.0231857
0.0382364
0.0226702
0.0371385
0.0221766
0.0360789
0.0217052
0.0350578
0.021256
0.0340753
0.0208292
0.0331313
0.0204245
0.0322257
0.0200418
0.0313582
0.0196808
0.0305286
0.0193413
0.0297366
0.0190228
0.0289819
0.018725
0.0282644
0.0184474
0.0275837
0.0181895
0.0269393
0.0179509
0.026331
0.017731
0.0257581
0.0175294
0.0252199
0.0173454
0.0247158
0.0171785
0.0242449
0.0170282
0.0238062
0.016894
0.0233988
0.0167752
0.0230219
0.0166715
0.0226744
0.0165824
0.0223557
0.0165074
0.0220649
0.0164461
0.0218015
0.0163981
0.0215649
0.0163632
0.0213548
0.0163412
0.0211708
0.0163316
0.0210128
0.0163345
0.0208808
0.0163497
0.0207749
0.0163772
0.0206953
0.0164169
0.0206423
0.0164692
0.0206166
0.0165341
0.0206189
0.0166121
0.0206499
0.0167037
0.0207107
0.0168095
0.0208027
0.0169304
0.0209275
0.0170675
0.0210867
0.0172223
0.0212826
0.0173965
0.0215177
0.0175922
0.0217949
0.0178121
0.0221177
0.0180595
0.0224902
0.0183383
0.0229177
0.0186533
0.0234062
0.0190102
0.0239636
0.0194159
0.0245998
0.0198789
0.0253279
0.0204094
0.0261647
0.0210202
0.0271328
0.0217271
0.0282626
0.0225498
0.0295956
0.0235138
0.0311895
0.0246508
0.0331253
0.0260008
0.0355177
0.0276121
0.0385279
0.0295372
0.0423733
0.031821
0.047313
0.0344739
0.0535596
0.0374365
0.0610711
0.0405747
0.0693464
0.0437323
0.0775075
0.046726
0.084549
0.0491392
0.0894566
0.0503252
0.0915855
0.0501596
0.091149
0.0493143
0.089127
0.0483715
0.0868651
0.0475755
0.0851106
0.0469897
0.0839103
0.0465861
0.0831316
0.0463148
0.082638
0.0461331
0.0823253
0.0460101
0.0821242
0.0459256
0.0819914
0.0458663
0.0819015
0.0458238
0.0818393
0.0457926
0.0817959
0.0457693
0.0817657
0.0457513
0.0817451
0.0457372
0.0817315
0.0457258
0.0817234
0.0457163
0.0817193
0.0457082
0.0817184
0.045701
0.0817199
0.0456946
0.0817232
0.0456886
0.0817281
0.045683
0.081734
0.0456775
0.0817409
0.0456722
0.0817484
0.045667
0.0817566
0.0456618
0.0817651
0.0456566
0.0817741
0.0456514
0.0817834
0.0456462
0.0817929
0.0456409
0.0818027
0.0456355
0.0818127
0.04563
0.0818229
0.0456245
0.0818332
0.0456188
0.0818438
0.0456131
0.0818544
0.0456072
0.0818652
0.0456013
0.0818762
0.0455952
0.0818873
0.045589
0.0818985
0.0455827
0.0819099
0.0455762
0.0819214
0.0455697
0.0819331
0.0455629
0.0819448
0.0455561
0.0819567
0.0455491
0.0819688
0.0455419
0.0819809
0.0455346
0.0819933
0.0455271
0.0820057
0.0455194
0.0820183
0.0455116
0.082031
0.0455036
0.0820438
0.0454954
0.0820568
0.0454869
0.0820699
0.0454783
0.0820832
0.0454695
0.0820966
0.0454605
0.0821101
0.0454512
0.0821237
0.0454417
0.0821375
0.0454319
0.0821513
0.0454219
0.0821653
0.0454117
0.0821795
0.0454011
0.0821937
0.0453903
0.082208
0.0453792
0.0822224
0.0453677
0.0822369
0.045356
0.0822514
0.0453439
0.082266
0.0453315
0.0822806
0.0453187
0.0822953
0.0453056
0.0823099
0.045292
0.0823245
0.0452781
0.0823391
0.0452638
0.0823535
0.045249
0.0823678
0.0452339
0.082382
0.0452182
0.0823959
0.0452021
0.0824095
0.0451855
0.0824228
0.0451685
0.0824357
0.0451509
0.0824481
0.0451328
0.0824598
0.0451142
0.0824709
0.045095
0.0824811
0.0450753
0.0824904
0.0450551
0.0824986
0.0450344
0.0825055
0.0450131
0.082511
0.0449912
0.0825148
0.0449689
0.0825167
0.044946
0.0825164
0.0449227
0.0825138
0.0448989
0.0825084
0.0448747
0.0825001
0.0448501
0.0824884
0.0448253
0.082473
0.0448001
0.0824535
0.0447748
0.0824296
0.0447493
0.0824009
0.0447239
0.082367
0.0446985
0.0823276
0.0446732
0.0822824
0.0446482
0.082231
0.0446235
0.0821734
0.0445993
0.0821093
0.0445756
0.0820387
0.0445525
0.0819616
0.0445301
0.0818782
0.0445084
0.0817886
0.0444875
0.0816933
0.0444674
0.0815926
0.0444481
0.081487
0.0444296
0.0813771
0.0444118
0.0812635
0.0443948
0.0811469
0.0443785
0.0810278
0.0443628
0.080907
0.0443476
0.0807851
0.0443329
0.0806625
0.0443186
0.0805398
0.0443045
0.0804174
0.0442907
0.0802957
0.0442771
0.0801749
0.0442635
0.0800553
0.04425
0.0799371
0.0442365
0.0798203
0.0442229
0.079705
0.0442092
0.0795913
0.0441954
0.0794791
0.0441814
0.0793683
0.0441673
0.0792589
0.0441531
0.0791507
0.0441387
0.0790438
0.0441241
0.0789379
0.0441094
0.0788329
0.0440945
0.0787288
0.0440795
0.0786254
0.0440644
0.0785226
0.0440492
0.0784204
0.0440339
0.0783185
0.0440185
0.078217
0.0440031
0.0781156
0.0439876
0.0780145
0.043972
0.0779135
0.0439565
0.0778125
0.0439409
0.0777115
0.0439253
0.0776105
0.0439097
0.0775094
0.0438941
0.0774082
0.0438785
0.0773068
0.0438629
0.0772053
0.0438473
0.0771037
0.0438318
0.0770019
0.0438163
0.0768999
0.0438008
0.0767977
0.0437854
0.0766954
0.04377
0.0765928
0.0437546
0.0764901
0.0437392
0.0763872
0.0437239
0.0762842
0.0437086
0.076181
0.0436933
0.0760776
0.0436781
0.075974
0.0436629
0.0758704
0.0436477
0.0757665
0.0436326
0.0756627
0.0436175
0.0755588
0.0436024
0.0754551
0.0435875
0.0753514
0.0435727
0.075249
0.0435583
0.0751469
0.0435445
0.0750502
0.0435321
0.0749543
0.043522
0.0748805
0.0435168
0.0748054
0.0435206
0.0748268
0.0435431
0.0748162
0.0435998
0.0752384
0.0437294
0.0754031
0.0439853
0.077452
0.044514
0.0781211
0.0454229
0.0848701
0.0470248
0.0878425
0.0488575
0.096585
0.0505724
0.100392
0.0515821
0.103467
0.0522626
0.105236
0.0527519
0.106591
0.0531347
0.107673
0.0534365
0.108491
0.0536809
0.109088
0.0538878
0.109524
0.0540693
0.109843
0.0542324
0.110076
0.0543808
0.110243
0.0545167
0.110357
0.0546419
0.110428
0.0547577
0.110463
0.0548651
0.110467
0.0549652
0.110446
0.0550589
0.110403
0.0551468
0.11034
0.0552298
0.110261
0.0553083
0.110168
0.0553828
0.110063
0.0554539
0.109946
0.0555217
0.10982
0.0555867
0.109685
0.055649
0.109543
0.0557088
0.109394
0.0557662
0.109239
0.0558215
0.109078
0.0558746
0.108911
0.0559256
0.10874
0.0559745
0.108563
0.0560214
0.108382
0.0560663
0.108197
0.0561091
0.108007
0.0561497
0.107813
0.0561882
0.107615
0.0562246
0.107413
0.0562586
0.107206
0.0562904
0.106995
0.0563197
0.10678
0.0563465
0.10656
0.0563708
0.106336
0.0563925
0.106108
0.0564114
0.105874
0.0564275
0.105636
0.0564407
0.105393
0.0564509
0.105145
0.056458
0.104891
0.056462
0.104632
0.0564627
0.104368
0.0564601
0.104098
0.0564541
0.103822
0.0564447
0.103541
0.0564319
0.103253
0.0564155
0.10296
0.0563957
0.10266
0.0563723
0.102354
0.0563455
0.102043
0.0563151
0.101725
0.0562815
0.101402
0.0562445
0.101074
0.0562043
0.10074
0.0561611
0.100402
0.056115
0.100059
0.0560662
0.0997119
0.0560149
0.0993617
0.0559614
0.0990089
0.0559058
0.0986541
0.0558486
0.0982981
0.0557898
0.0979416
0.0557299
0.0975854
0.0556691
0.0972303
0.0556077
0.0968772
0.0555461
0.0965267
0.0554843
0.0961798
0.0554228
0.095837
0.0553618
0.095499
0.0553015
0.0951665
0.055242
0.0948398
0.0551837
0.0945194
0.0551265
0.0942056
0.0550707
0.0938987
0.0550163
0.0935988
0.0549634
0.093306
0.0549121
0.0930203
0.0548624
0.0927417
0.0548143
0.0924699
0.0547678
0.0922049
0.0547229
0.0919465
0.0546796
0.0916942
0.0546377
0.091448
0.0545973
0.0912074
0.0545583
0.0909721
0.0545206
0.0907418
0.0544842
0.0905162
0.054449
0.0902948
0.0544149
0.0900775
0.0543819
0.0898638
0.0543498
0.0896534
0.0543186
0.0894461
0.0542884
0.0892416
0.0542588
0.0890395
0.0542301
0.0888397
0.054202
0.0886419
0.0541745
0.0884459
0.0541476
0.0882514
0.0541212
0.0880584
0.0540953
0.0878667
0.0540699
0.087676
0.0540449
0.0874863
0.0540202
0.0872974
0.0539959
0.0871092
0.053972
0.0869217
0.0539483
0.0867347
0.053925
0.0865482
0.0539019
0.086362
0.053879
0.0861762
0.0538564
0.0859907
0.053834
0.0858055
0.0538118
0.0856204
0.0537898
0.0854355
0.053768
0.0852507
0.0537463
0.0850661
0.0537248
0.0848816
0.0537034
0.0846972
0.0536822
0.0845129
0.0536611
0.0843286
0.0536402
0.0841445
0.0536193
0.0839604
0.0535986
0.0837764
0.053578
0.0835925
0.0535575
0.0834087
0.053537
0.083225
0.0535167
0.0830415
0.0534964
0.0828581
0.0534762
0.0826748
0.053456
0.0824917
0.0534359
0.0823089
0.0534159
0.0821262
0.0533959
0.0819438
0.0533759
0.0817616
0.053356
0.0815797
0.0533361
0.0813981
0.0533162
0.0812169
0.0532963
0.081036
0.0532764
0.0808555
0.0532565
0.0806755
0.0532367
0.080496
0.053217
0.0803174
0.0531975
0.08014
0.0531788
0.0799653
0.0531618
0.0797961
0.0531491
0.07964
0.0531473
0.0795153
0.0531725
0.0794678
0.0532656
0.0796122
0.0535308
0.0802325
0.0542353
0.0820091
0.0560614
0.0863873
0.0606012
0.0952651
0.0697824
0.106932
0.0801282
0.114542
0.0859567
0.117253
0.0884104
0.117156
0.0893227
0.11569
0.0896076
0.113861
0.0896205
0.112175
0.0895057
0.110785
0.0893281
0.109695
0.0891158
0.108857
0.0888794
0.108218
0.0886225
0.107732
0.0883461
0.10736
0.0880504
0.107076
0.0877357
0.106857
0.0874022
0.106687
0.0870503
0.106553
0.0866802
0.106444
0.0862925
0.106352
0.0858875
0.10627
0.0854656
0.106192
0.0850272
0.106113
0.0845727
0.106029
0.0841025
0.105935
0.0836169
0.105829
0.0831162
0.105707
0.0826007
0.105566
0.0820707
0.105404
0.0815263
0.105218
0.0809676
0.105005
0.0803946
0.104764
0.0798074
0.104491
0.0792058
0.104186
0.0785897
0.103845
0.0779587
0.103466
0.0773125
0.103048
0.0766507
0.102589
0.0759729
0.102087
0.0752786
0.10154
0.0745674
0.100947
0.073839
0.100306
0.0730931
0.0996165
0.0723297
0.0988778
0.0715488
0.0980895
0.070751
0.0972515
0.0699369
0.0963647
0.0691079
0.0954302
0.0682656
0.09445
0.0674123
0.093427
0.0665509
0.0923647
0.0656849
0.0912676
0.0648185
0.0901414
0.0639567
0.0889923
0.063105
0.0878279
0.0622697
0.0866563
0.0614578
0.0854869
0.0606767
0.0843293
0.0599345
0.0831943
0.0592398
0.0820929
0.0586015
0.0810367
0.058029
0.0800378
0.0575322
0.0791086
0.0571211
0.0782617
0.0568066
0.0775103
0.0565996
0.0768679
0.0565117
0.0763484
0.0565548
0.0759661
0.0567408
0.0757353
0.0570805
0.0756688
0.0575825
0.0757763
0.0582484
0.0760588
0.0590672
0.0765001
0.0600022
0.0770526
0.0609754
0.077619
0.0618502
0.0780405
0.0624359
0.0781148
0.0625441
0.0776681
0.0620943
0.0766521
0.061185
0.0751808
0.0600322
0.0734636
0.0588336
0.0717025
0.0576948
0.0700332
0.0566418
0.06852
0.0556614
0.0671765
0.0547294
0.0659887
0.0538235
0.0649301
0.0529269
0.0639706
0.0520283
0.0630803
0.0511208
0.0622311
0.0502004
0.0613976
0.049265
0.0605576
0.0483134
0.0596928
0.0473448
0.0587891
0.0463589
0.0578374
0.0453563
0.0568339
0.0443384
0.0557809
0.0433089
0.0546871
0.0422738
0.0535683
0.0412418
0.0524473
0.040225
0.0513533
0.0392379
0.0503194
0.0382968
0.0493788
0.0374182
0.0485583
0.0366158
0.04787
0.0358984
0.0473033
0.0352673
0.0468211
0.0347156
0.0463651
0.0342301
0.0458698
0.0337946
0.0452808
0.0333941
0.0445673
0.0330179
0.0437242
0.0326602
0.042765
0.0323203
0.0417136
0.0320003
0.0405966
0.0317042
0.0394401
0.0314361
0.0382678
0.0311987
0.0371017
0.0309927
0.0359626
0.0308153
0.0348716
0.0306596
0.0338493
0.0305155
0.0329156
0.0303714
0.0320863
0.0302174
0.0313712
0.0300486
0.0307719
0.029867
0.0302828
0.0296806
0.029893
0.0295007
0.0295903
0.029339
0.029363
0.0292054
0.0292013
0.0291074
0.0290985
0.02905
0.0290501
0.029037
0.0290538
0.0290712
0.0291096
0.0291559
0.0292197
0.0292956
0.0293886
0.0294969
0.0296237
0.0297693
0.0299365
0.0301269
0.0303437
0.0305897
0.0308691
0.0311863
0.031547
0.0319578
0.0324265
0.0329627
0.0335778
0.0342853
0.0351012
0.0360445
0.0371373
0.0384049
0.0398755
0.0415793
0.0435465
0.0458036
0.0483669
0.0512331
0.054366
0.0576805
0.061028
0.0641909
0.0668969
0.068866
0.0698892
0.0699126
0.0690638
0.0675885
0.0657556
0.0637871
0.0618325
0.0599744
0.0582493
0.0566647
0.055216
0.0538896
0.0526744
0.0515548
0.0505233
0.0495652
0.048679
0.0478495
0.0470821
0.0463579
0.0456905
0.0450543
0.0444735
0.0439111
0.0434063
0.0429052
0.0424676
0.0420164
0.0416388
0.0412268
0.0409032
0.0405207
0.0402463
0.0398853
0.0396561
0.0393105
0.039123
0.038789
0.0386396
0.0383157
0.0382009
0.0378877
0.0378036
0.0375037
0.0374462
0.0371632
0.0371283
0.0368665
0.0368507
0.0366145
0.036615
0.0364083
0.0364234
0.0362495
0.0362786
0.0361402
0.0361838
0.0360829
0.0361427
0.0360809
0.0361595
0.0361382
0.0362387
0.0362596
0.0363862
0.0364512
0.0366086
0.0367202
0.0369138
0.0370757
0.0373118
0.0375285
0.0378144
0.0380922
0.0384366
0.0387833
0.0391965
0.0396221
0.0401166
0.0406333
0.0412237
0.0418463
0.0425491
0.0432939
0.0441263
0.0450085
0.0459841
0.0470111
0.0481297
0.0492863
0.0505144
0.0517383
0.0529818
0.0541377
0.0552294
0.0561232
0.0568797
0.0573593
0.057715
0.0577895
0.0578664
0.0576745
0.0576885
0.0573357
0.0575043
0.0569291
0.0575442
0.0563693
0.0581258
0.055209
0.0601518
0.0524288
0.0658027
0.0487409
0.0722051
0.0478514
0.0737299
0.0476466
0.073833
0.0475236
0.0738648
0.0474401
0.0739795
0.0473775
0.074138
0.0473258
0.0743049
0.0472803
0.0744644
0.0472389
0.0746113
0.0472006
0.0747455
0.0471649
0.0748682
0.0471313
0.0749811
0.0470997
0.0750859
0.0470698
0.0751838
0.0470413
0.0752761
0.0470142
0.0753636
0.0469882
0.075447
0.0469631
0.0755269
0.0469389
0.0756038
0.0469153
0.0756779
0.0468923
0.0757497
0.0468697
0.0758193
0.0468475
0.0758869
0.0468255
0.0759528
0.0468038
0.0760169
0.0467822
0.0760795
0.0467607
0.0761406
0.0467392
0.0762002
0.0467177
0.0762585
0.0466961
0.0763155
0.0466744
0.0763713
0.0466525
0.0764257
0.0466304
0.076479
0.0466081
0.076531
0.0465854
0.0765817
0.0465624
0.0766312
0.046539
0.0766794
0.0465152
0.0767263
0.0464909
0.0767718
0.046466
0.0768159
0.0464406
0.0768586
0.0464146
0.0768996
0.0463879
0.0769391
0.0463605
0.0769768
0.0463323
0.0770127
0.0463032
0.0770466
0.0462733
0.0770785
0.0462425
0.0771083
0.0462107
0.0771359
0.0461778
0.0771611
0.0461439
0.0771838
0.0461089
0.0772041
0.0460727
0.0772219
0.0460355
0.0772371
0.0459971
0.0772499
0.0459577
0.0772603
0.0459172
0.0772686
0.0458758
0.0772749
0.0458335
0.0772797
0.0457907
0.0772833
0.0457474
0.0772863
0.045704
0.0772894
0.0456609
0.0772932
0.0456185
0.0772988
0.0455775
0.0773074
0.0455387
0.0773204
0.0455033
0.07734
0.0454724
0.0773691
0.0454481
0.0774117
0.0454326
0.0774732
0.0454293
0.0775612
0.0454424
0.0776861
0.0454776
0.0778614
0.0455428
0.0781049
0.045648
0.0784385
0.0458061
0.0788875
0.0460329
0.0794786
0.0463465
0.0802337
0.0467652
0.0811617
0.0473033
0.0822483
0.0479651
0.0834521
0.048739
0.084712
0.0495937
0.0859679
0.0504824
0.0871758
0.0513525
0.0883041
0.0521575
0.0893198
0.0528659
0.0901921
0.0534634
0.0909052
0.0539504
0.0914629
0.0543365
0.091882
0.0546354
0.0921844
0.0548608
0.0923911
0.0550252
0.0925199
0.055139
0.0925852
0.0552108
0.0925982
0.0552473
0.0925677
0.0552538
0.0925002
0.0552347
0.0924011
0.0551933
0.0922745
0.0551325
0.0921239
0.0550546
0.091952
0.0549614
0.0917611
0.0548544
0.091553
0.0547351
0.0913295
0.0546045
0.0910917
0.0544635
0.090841
0.054313
0.0905782
0.0541536
0.0903042
0.053986
0.0900196
0.0538106
0.0897251
0.0536278
0.0894211
0.053438
0.089108
0.0532415
0.0887861
0.0530387
0.0884557
0.0528296
0.088117
0.0526145
0.0877701
0.0523935
0.0874151
0.0521668
0.0870521
0.0519345
0.0866811
0.0516966
0.0863022
0.0514532
0.0859152
0.0512043
0.0855201
0.05095
0.0851168
0.0506903
0.0847052
0.0504251
0.0842852
0.0501546
0.0838567
0.0498786
0.0834195
0.0495972
0.0829734
0.0493103
0.0825183
0.0490179
0.0820539
0.0487199
0.0815801
0.0484164
0.0810968
0.0481073
0.0806036
0.0477926
0.0801004
0.0474722
0.0795871
0.0471462
0.0790633
0.0468145
0.0785291
0.0464771
0.0779841
0.0461341
0.0774283
0.0457855
0.0768616
0.0454314
0.0762838
0.0450717
0.0756949
0.0447067
0.075095
0.0443365
0.074484
0.0439612
0.073862
0.043581
0.0732293
0.0431962
0.072586
0.042807
0.0719324
0.0424138
0.0712689
0.042017
0.0705961
0.0416171
0.0699145
0.0412144
0.0692249
0.0408096
0.068528
0.0404033
0.0678248
0.0399961
0.0671164
0.0395889
0.066404
0.0391823
0.0656889
0.0387773
0.0649727
0.0383747
0.0642569
0.0379756
0.0635432
0.0375809
0.0628336
0.0371917
0.0621301
0.0368091
0.0614348
0.0364343
0.0607498
0.0360684
0.0600777
0.0357127
0.0594207
0.0353683
0.0587816
0.0350366
0.058163
0.0347188
0.0575676
0.0344163
0.0569983
0.0341305
0.0564582
0.0338626
0.0559503
0.0336143
0.055478
0.0333869
0.0550447
0.0331821
0.0546541
0.0330016
0.0543099
0.0328472
0.0540165
0.0327207
0.0537783
0.0326245
0.0536002
0.0325608
0.0534876
0.0325324
0.0534465
0.0325423
0.0534837
0.0325942
0.0536068
0.032692
0.0538242
0.0328405
0.0541458
0.0330453
0.0545827
0.033313
0.0551474
0.0336512
0.0558541
0.0340688
0.0567185
0.0345761
0.057757
0.0351842
0.0589861
0.0359047
0.0604193
0.036748
0.0620631
0.0377198
0.0639093
0.0388154
0.0659232
0.0400114
0.0680307
0.0412556
0.070109
0.0424642
0.0719976
0.0435362
0.0735416
0.04439
0.0746561
0.0450011
0.0753644
0.045406
0.0757736
0.0456689
0.0760116
0.0458458
0.0761786
0.0459724
0.0763326
0.0460669
0.0764976
0.0461384
0.0766767
0.0461916
0.0768643
0.0462294
0.0770523
0.0462543
0.0772337
0.0462684
0.0774038
0.0462737
0.0775599
0.046272
0.0777011
0.0462649
0.0778278
0.0462537
0.0779411
0.0462394
0.0780422
0.0462229
0.0781328
0.0462047
0.0782144
0.0461855
0.0782883
0.0461655
0.0783558
0.0461451
0.0784177
0.0461242
0.0784751
0.0461032
0.0785286
0.0460819
0.0785787
0.0460604
0.0786261
0.0460388
0.078671
0.0460169
0.0787138
0.0459947
0.0787547
0.0459722
0.0787939
0.0459493
0.0788316
0.045926
0.078868
0.0459021
0.0789032
0.0458777
0.0789372
0.0458526
0.0789702
0.0458268
0.0790023
0.0458003
0.0790334
0.0457729
0.0790637
0.0457446
0.0790932
0.0457154
0.079122
0.0456853
0.0791502
0.0456542
0.0791778
0.0456221
0.0792048
0.0455892
0.0792314
0.0455553
0.0792575
0.0455207
0.0792833
0.0454855
0.0793088
0.0454499
0.0793341
0.0454142
0.0793594
0.0453788
0.0793849
0.0453442
0.0794109
0.0453111
0.0794382
0.0452802
0.0794676
0.0452526
0.0795004
0.0452294
0.0795389
0.0452122
0.0795857
0.0452029
0.0796449
0.0452036
0.0797216
0.0452172
0.0798224
0.0452471
0.0799553
0.0452974
0.0801301
0.0453729
0.0803578
0.0454794
0.08065
0.0456234
0.0810177
0.0458117
0.0814696
0.0460512
0.0820092
0.0463473
0.082632
0.0467032
0.0833234
0.0471183
0.0840585
0.0475868
0.0848053
0.0480978
0.0855321
0.0486357
0.0862146
0.0491821
0.0868407
0.0497177
0.0874097
0.0502245
0.0879253
0.050688
0.0883892
0.0510981
0.0887985
0.0514497
0.0891484
0.0517417
0.0894349
0.0519764
0.0896576
0.0521582
0.0898189
0.0522923
0.0899236
0.0523844
0.0899775
0.0524398
0.0899866
0.0524633
0.0899566
0.0524592
0.0898925
0.0524311
0.0897989
0.0523821
0.0896796
0.0523149
0.0895377
0.0522316
0.0893761
0.0521342
0.0891971
0.0520242
0.0890025
0.051903
0.088794
0.0517716
0.088573
0.0516311
0.0883405
0.0514821
0.0880976
0.0513255
0.087845
0.0511617
0.0875835
0.0509913
0.0873135
0.0508147
0.0870355
0.0506322
0.08675
0.0504442
0.0864572
0.0502507
0.0861573
0.0500521
0.0858506
0.0498485
0.0855371
0.04964
0.085217
0.0494267
0.0848903
0.0492087
0.084557
0.048986
0.084217
0.0487586
0.0838704
0.0485266
0.083517
0.0482898
0.0831567
0.0480484
0.0827893
0.0478021
0.0824148
0.0475509
0.0820328
0.0472947
0.0816431
0.0470334
0.0812456
0.0467669
0.0808398
0.0464951
0.0804254
0.0462177
0.0800022
0.0459345
0.0795697
0.0456455
0.0791274
0.0453503
0.078675
0.0450487
0.0782118
0.0447404
0.0777374
0.0444252
0.0772511
0.0441027
0.0767524
0.0437727
0.0762404
0.0434347
0.0757145
0.0430884
0.0751739
0.0427335
0.0746176
0.0423694
0.0740449
0.0419958
0.0734546
0.0416122
0.0728459
0.0412182
0.0722176
0.0408133
0.0715687
0.0403971
0.070898
0.0399691
0.0702044
0.039529
0.0694868
0.0390763
0.068744
0.0386108
0.0679751
0.0381322
0.067179
0.0376403
0.0663548
0.037135
0.0655018
0.0366165
0.0646196
0.0360848
0.0637076
0.0355403
0.0627661
0.0349836
0.0617951
0.0344154
0.0607952
0.0338364
0.0597676
0.0332478
0.0587134
0.0326508
0.0576344
0.0320469
0.0565329
0.0314374
0.0554111
0.0308242
0.0542721
0.0302091
0.053119
0.0295938
0.051955
0.0289803
0.0507839
0.0283705
0.0496092
0.0277663
0.0484348
0.0271696
0.0472645
0.0265822
0.046102
0.0260059
0.044951
0.0254423
0.043815
0.0248931
0.0426976
0.0243599
0.0416021
0.023844
0.0405319
0.023347
0.0394902
0.0228702
0.0384802
0.0224151
0.0375052
0.0219831
0.0365685
0.0215756
0.0356737
0.0211941
0.0348244
0.0208403
0.0340244
0.0205161
0.033278
0.0202232
0.0325896
0.0199638
0.0319637
0.0197403
0.0314052
0.0195554
0.030919
0.0194119
0.0305099
0.0193131
0.0301827
0.0192626
0.029942
0.0192648
0.0297921
0.0193243
0.0297378
0.019447
0.0297843
0.0196397
0.0299382
0.0199112
0.0302091
0.0202726
0.0306107
0.0207382
0.0311634
0.0213267
0.0318963
0.0220626
0.0328509
0.0229777
0.034085
0.0241123
0.0356786
0.0255173
0.0377423
0.0272525
0.0404248
0.0293801
0.0439119
0.0319447
0.048391
0.0349277
0.0539357
0.0381792
0.0602909
0.0413689
0.0667169
0.0440413
0.0721987
0.0457869
0.0760424
0.0464531
0.0783021
0.0462631
0.0789957
0.0456485
0.0775068
0.044962
0.0755712
0.0444112
0.0746964
0.0440199
0.0740407
0.0437263
0.0740197
0.0435181
0.0739317
0.0433622
0.0742895
0.0432544
0.0743723
0.0431731
0.0748495
0.0431194
0.0749286
0.0430772
0.0753919
0.0430506
0.0754196
0.0430276
0.0758051
0.0430133
0.0757909
0.042999
0.0760772
0.0429896
0.0760415
0.0429789
0.0762342
0.042971
0.0761895
0.0429616
0.0763065
0.0429539
0.0762575
0.0429449
0.0763186
0.0429369
0.0762657
0.042928
0.0762876
0.0429196
0.0762308
0.0429107
0.0762256
0.0429021
0.0761648
0.0428931
0.0761412
0.0428845
0.0760769
0.0428755
0.0760405
0.0428668
0.0759731
0.0428579
0.0759281
0.0428492
0.0758582
0.0428404
0.0758072
0.0428319
0.0757352
0.0428232
0.0756803
0.0428147
0.0756065
0.0428062
0.075549
0.0427979
0.0754737
0.0427895
0.0754148
0.0427813
0.075338
0.0427731
0.0752787
0.0427651
0.0752003
0.042757
0.0751413
0.0427491
0.075061
0.0427411
0.0750035
0.0427334
0.0749205
0.0427256
0.0748657
0.042718
0.0747791
0.0427103
0.0747285
0.0427028
0.0746364
0.0426952
0.0745928
0.042688
0.074492
0.0426804
0.0744596
0.0426734
0.074345
0.0426658
0.0743306
0.042659
0.0741932
0.0426514
0.0742089
0.0426449
0.0740327
0.0426372
0.0741
0.0426311
0.0738559
0.042623
0.0740143
0.0426177
0.0736482
0.0426089
0.0739718
0.0426048
0.07338
0.0425945
0.0740115
0.0425927
0.0729907
0.0425796
0.0742096
0.0425819
0.0723537
0.0425635
0.0747053
0.0425739
0.0712096
0.0425454
0.0756828
0.0425716
0.0691452
0.0425291
0.0769487
0.0425828
0.0664282
0.0425429
0.0767635
0.0426207
0.0666097
0.0425523
0.0768813
0.042617
0.0661495
0.0425499
0.0766064
0.0426148
0.0663155
0.0425387
0.0767022
0.0425998
0.0656975
0.0425337
0.0762736
0.0425977
0.0661297
0.0425178
0.0765633
0.0425771
0.0650906
0.0425187
0.0757401
0.0425826
0.0663468
0.0424931
0.0766148
0.0425481
0.064078
0.0425157
0.0745721
0.0425858
0.0679257
0.0425021
0.0765889
0.0426495
0.0637717
0.0428954
0.0742609
0.0445905
0.0736156
0.0495551
0.0809479
0.0664166
0.0784004
0.0810297
0.0698553
0.0838583
0.0852304
0.0908134
0.0592211
0.0876638
0.0858815
0.0884042
0.075889
0.0936963
0.0652014
0.0912801
0.0782245
0.0950028
0.063334
0.0956309
0.0739797
0.0964288
0.0711626
0.101373
0.0680293
0.104275
0.0978061
0.0529279
0.107553
0.0978174
0.0531018
0.10824
0.0977312
0.053984
0.110517
0.0974458
0.0546562
0.111669
0.0972332
0.0552585
0.11259
0.0970333
0.055787
0.113284
0.0968456
0.0562902
0.113884
0.0966433
0.0567928
0.114432
0.0964104
0.0573115
0.114949
0.096134
0.0578567
0.115438
0.0958042
0.0584367
0.115897
0.0954118
0.0590608
0.116319
0.0949458
0.0597421
0.116695
0.0943906
0.0605016
0.117008
0.0937199
0.0613761
0.117226
0.0928846
0.0624359
0.117281
0.0917797
0.0638353
0.116989
0.0901336
0.0659996
0.115692
0.0869997
0.0706384
0.109997
0.0784375
0.089815
0.0979888
0.0743717
0.104543
0.0774215
0.106098
0.0905794
0.0729022
0.10732
0.0783684
0.0971842
0.0960674
0.0737972
0.105676
0.0794402
0.099449
0.0934457
0.0759458
0.102649
0.0814731
0.101013
0.0851057
0.0883799
0.0951321
0.0829805
0.0964102
0.0870109
0.0948032
0.0864181
0.0947666
0.087915
0.0942394
0.0882409
0.0938247
0.0890235
0.0933704
0.0894837
0.0929145
0.0900264
0.0924577
0.0904813
0.0919959
0.0909406
0.0915343
0.0913727
0.0910705
0.0917979
0.090606
0.0922116
0.0901403
0.0926184
0.0896734
0.0930179
0.0892051
0.0934109
0.0887353
0.0937972
0.0882638
0.0941767
0.0877904
0.0945489
0.0873151
0.0949134
0.0868378
0.0952695
0.0863585
0.0956166
0.0858771
0.0959541
0.0853937
0.096281
0.0849084
0.0965969
0.0844212
0.0969008
0.0839322
0.0971922
0.0834415
0.0974701
0.0829493
0.0977341
0.0824556
0.0979833
0.0819605
0.098217
0.0814642
0.0984347
0.0809665
0.0986356
0.0804677
0.0988191
0.0799676
0.0989846
0.0794662
0.0991316
0.0789635
0.0992594
0.0784594
0.0993674
0.0779537
0.0994552
0.0774461
0.0995221
0.0769366
0.0995676
0.0764247
0.0995911
0.0759102
0.0995921
0.0753926
0.0995698
0.0748716
0.0995237
0.0743466
0.0994531
0.0738171
0.0993573
0.0732825
0.0992354
0.0727421
0.0990867
0.0721953
0.0989101
0.0716412
0.0987046
0.0710789
0.0984689
0.0705075
0.0982018
0.0699259
0.0979017
0.0693331
0.0975669
0.0687278
0.0971954
0.0681086
0.096785
0.067474
0.0963331
0.0668225
0.0958368
0.0661522
0.0952928
0.0654612
0.0946973
0.0647475
0.094046
0.0640089
0.0933342
0.0632431
0.0925563
0.0624477
0.0917067
0.0616203
0.0907791
0.0607586
0.0897669
0.0598607
0.0886637
0.058925
0.0874636
0.0579506
0.0861619
0.0569376
0.0847557
0.055887
0.0832449
0.0548013
0.081633
0.0536841
0.0799277
0.0525401
0.0781408
0.0513752
0.0762878
0.0501956
0.0743868
0.049008
0.0724574
0.0478193
0.070519
0.046636
0.0685898
0.0454648
0.0666862
0.0443123
0.0648226
0.0431847
0.0630115
0.0420884
0.0612634
0.0410296
0.059588
0.0400142
0.0579936
0.0390482
0.056488
0.0381373
0.0550783
0.0372867
0.0537715
0.0365019
0.0525739
0.0357877
0.0514921
0.035149
0.0505321
0.0345904
0.0497003
0.0341167
0.0490031
0.0337326
0.0484472
0.0334431
0.0480399
0.0332535
0.0477896
0.0331697
0.0477056
0.0331981
0.0477987
0.0333456
0.0480813
0.0336196
0.0485665
0.034027
0.0492668
0.0345733
0.0501917
0.0352597
0.051342
0.0360803
0.0527018
0.0370165
0.0542275
0.0380325
0.0558379
0.0390732
0.0574128
0.0400694
0.0588107
0.0409531
0.0599087
0.0416774
0.0606473
0.0422299
0.0610511
0.0426304
0.0612075
0.0429147
0.0612207
0.043119
0.0611734
0.043271
0.0611143
0.0433889
0.0610645
0.0434829
0.0610281
0.043559
0.0610017
0.0436204
0.0609796
0.0436692
0.0609566
0.0437071
0.060929
0.0437353
0.0608945
0.0437552
0.0608519
0.0437681
0.0608013
0.043775
0.060743
0.043777
0.0606778
0.0437749
0.0606066
0.0437697
0.0605305
0.043762
0.0604503
0.0437523
0.0603668
0.0437411
0.0602809
0.0437288
0.0601931
0.0437157
0.0601039
0.0437021
0.0600139
0.0436883
0.0599234
0.0436743
0.0598326
0.0436603
0.0597418
0.0436464
0.0596512
0.0436328
0.0595609
0.0436194
0.059471
0.0436063
0.0593815
0.0435937
0.0592925
0.0435814
0.0592039
0.0435695
0.0591158
0.0435581
0.0590282
0.0435471
0.0589409
0.0435366
0.058854
0.0435265
0.0587675
0.0435169
0.0586811
0.0435077
0.0585952
0.043499
0.0585091
0.0434906
0.0584237
0.0434827
0.0583376
0.0434752
0.058253
0.0434683
0.0581667
0.043462
0.0580853
0.0434582
0.0580028
0.0434602
0.0579486
0.0434867
0.0579403
0.0435952
0.0582029
0.0440216
0.0592523
0.0456228
0.0633649
0.0518577
0.0744053
0.0691085
0.083415
0.0813231
0.0770077
0.0822298
0.0815039
0.0863467
0.0685502
0.0810804
0.089453
0.0901685
0.0578273
0.098295
0.0866537
0.0597413
0.0956481
0.0829654
0.0674872
0.082811
0.0884589
0.0903942
0.0596535
0.100984
0.0865239
0.0597384
0.100966
0.0864067
0.060098
0.100812
0.0859552
0.0608751
0.0996963
0.0846749
0.0630485
0.0946565
0.0801833
0.0745456
0.0814944
0.0888365
0.0863223
0.06822
0.0839989
0.0853912
0.0783218
0.0928844
0.0885963
0.072509
0.0840431
0.101934
0.0913339
0.0718274
0.0880641
0.0982005
0.0883774
0.082674
0.088484
0.0947199
0.0914398
0.0786454
0.0858472
0.0996178
0.0917346
0.0763765
0.0845161
0.10112
0.0914177
0.0763694
0.0840447
0.101019
0.0908617
0.0769734
0.0837122
0.100481
0.0902804
0.0779815
0.0836023
0.0998222
0.0896811
0.0791112
0.0836338
0.0991458
0.0890717
0.0802758
0.0837126
0.0984307
0.0884586
0.0815061
0.0838069
0.0976456
0.0878417
0.0828208
0.0838968
0.0967879
0.087221
0.0842173
0.0839663
0.0958772
0.086597
0.0856741
0.0840034
0.0949522
0.0859725
0.0871449
0.0839968
0.0940755
0.0853562
0.088553
0.0839327
0.0933295
0.0847636
0.0898036
0.083798
0.0927928
0.0842125
0.0908193
0.0835875
0.092505
0.0837132
0.0915784
0.0833099
0.0924461
0.0832635
0.0921199
0.0829839
0.0925515
0.0828509
0.0925141
0.08263
0.0927483
0.0824607
0.0928248
0.0822638
0.0929819
0.0820827
0.0930927
0.0818949
0.0932214
0.0817117
0.0933367
0.0815278
0.0934528
0.0813458
0.0935631
0.0811646
0.0936701
0.0809849
0.0937725
0.0808064
0.0938706
0.0806293
0.0939639
0.0804537
0.0940522
0.0802796
0.0941354
0.0801072
0.0942131
0.0799364
0.0942851
0.0797674
0.0943512
0.0796001
0.0944111
0.0794348
0.0944644
0.0792713
0.0945111
0.0791098
0.0945507
0.0789503
0.0945829
0.0787928
0.0946075
0.0786374
0.0946241
0.0784842
0.0946324
0.078333
0.0946321
0.0781841
0.0946227
0.0780373
0.094604
0.0778927
0.0945755
0.0777503
0.0945369
0.0776101
0.0944877
0.0774721
0.0944274
0.0773363
0.0943557
0.0772027
0.0942721
0.0770712
0.094176
0.0769419
0.094067
0.0768147
0.0939445
0.0766896
0.0938079
0.0765666
0.0936567
0.0764456
0.0934902
0.0763266
0.0933079
0.0762097
0.0931089
0.0760947
0.0928926
0.0759816
0.0926583
0.0758705
0.0924051
0.0757614
0.0921322
0.0756541
0.0918388
0.0755487
0.0915238
0.0754453
0.0911864
0.0753439
0.0908254
0.0752444
0.0904398
0.075147
0.0900284
0.0750517
0.0895899
0.0749586
0.089123
0.0748678
0.0886264
0.0747794
0.0880986
0.0746934
0.0875381
0.07461
0.0869435
0.0745291
0.0863132
0.0744507
0.0856459
0.0743745
0.0849404
0.0742999
0.0841957
0.074226
0.0834114
0.0741513
0.0825877
0.0740733
0.0817259
0.0739883
0.0808283
0.0738913
0.0798991
0.0737751
0.0789437
0.0736308
0.0779694
0.0734476
0.0769843
0.0732136
0.0759967
0.0729165
0.0750137
0.0725457
0.0740401
0.0720932
0.0730773
0.0715545
0.0721232
0.0709293
0.0711723
0.0702206
0.0702174
0.0694335
0.0692501
0.0685746
0.0682625
0.0676507
0.067248
0.0666683
0.0662018
0.0656331
0.0651211
0.0645506
0.0640049
0.0634256
0.0628545
0.0622632
0.0616722
0.0610685
0.0604619
0.059847
0.0592284
0.0586044
0.0579774
0.0573472
0.0567151
0.0560816
0.0554478
0.0548143
0.0541821
0.0535519
0.0529246
0.0523008
0.0516813
0.0510669
0.0504583
0.0498561
0.0492609
0.0486733
0.0480939
0.0475233
0.0469619
0.0464101
0.0458685
0.0453375
0.0448173
0.0443084
0.0438111
0.0433257
0.0428524
0.0423917
0.0419436
0.0415085
0.0410866
0.040678
0.0402831
0.039902
0.0395349
0.039182
0.0388435
0.0385196
0.0382105
0.0379165
0.0376376
0.0373743
0.0371266
0.036895
0.0366795
0.0364806
0.0362985
0.0361337
0.0359864
0.0358573
0.0357467
0.0356553
0.0355838
0.0355328
0.0355034
0.0354964
0.0355132
0.0355551
0.0356238
0.0357213
0.0358498
0.0360122
0.0362117
0.0364522
0.0367382
0.0370754
0.0374703
0.0379307
0.0384658
0.0390865
0.0398056
0.0406377
0.0415996
0.0427097
0.0439873
0.0454516
0.0471188
0.0489983
0.0510869
0.0533606
0.055766
0.0582121
0.0605679
0.0626704
0.0643488
0.0654621
0.0659396
0.0658036
0.0651595
0.0641571
0.0629464
0.0616489
0.0603472
0.0590893
0.0578978
0.0567795
0.0557328
0.0547515
0.0538284
0.0529558
0.0521269
0.0513358
0.0505773
0.0498472
0.0491422
0.0484595
0.0477968
0.0471526
0.0465253
0.0459139
0.0453175
0.0447356
0.0441676
0.0436131
0.0430719
0.0425437
0.0420284
0.0415259
0.041036
0.0405588
0.0400942
0.0396423
0.0392029
0.0387761
0.038362
0.0379605
0.0375718
0.0371957
0.0368324
0.0364819
0.0361442
0.0358194
0.0355075
0.0352086
0.0349227
0.0346499
0.0343903
0.0341439
0.0339108
0.033691
0.0334847
0.033292
0.0331129
0.0329476
0.0327963
0.0326589
0.0325358
0.0324271
0.032333
0.0322538
0.0321895
0.0321407
0.0321075
0.0320904
0.0320896
0.0321057
0.0321393
0.0321907
0.0322607
0.0323501
0.0324596
0.0325901
0.0327427
0.0329186
0.033119
0.0333456
0.0336
0.0338841
0.0342002
0.0345507
0.0349386
0.035367
0.0358397
0.0363608
0.0369351
0.0375679
0.0382655
0.0390344
0.0398823
0.0408171
0.0418472
0.0429809
0.0442254
0.0455858
0.0470624
0.0486484
0.0503258
0.0520611
0.0538024
0.0554794
0.0570088
0.0583067
0.0593063
0.0599743
0.0603198
0.0603898
0.060255
0.0599914
0.0596652
0.0593254
0.0590024
0.0587116
0.058458
0.0582401
0.0580533
0.0578918
0.0577501
0.0576233
0.0575074
0.0573992
0.0572965
0.0571977
0.0571014
0.0570071
0.0569141
0.0568222
0.0567313
0.0566413
0.0565523
0.0564642
0.0563773
0.0562915
0.0562072
0.0561244
0.0560434
0.0559643
0.0558874
0.055813
0.0557415
0.0556732
0.0556086
0.0555484
0.0554932
0.055444
0.0554017
0.0553678
0.0553438
0.0553317
0.0553341
0.0553539
0.0553948
0.0554615
0.0555589
0.0556943
0.0558738
0.0561093
0.0564043
0.056782
0.0572267
0.0578035
0.0584015
0.0592805
0.0598686
0.0614368
0.0610436
0.0654739
0.0592833
0.0776682
0.0553151
0.0875393
0.0564091
0.0881643
0.0571144
0.0887518
0.0576251
0.0892119
0.0579609
0.0895152
0.0581488
0.0896846
0.0582181
0.0897458
0.0581936
0.0897191
0.0580944
0.089619
0.0579346
0.0894555
0.057725
0.0892359
0.0574734
0.0889652
0.057186
0.0886475
0.0568675
0.088286
0.0565218
0.0878834
0.0561519
0.087442
0.0557603
0.0869638
0.0553493
0.0864505
0.0549205
0.0859037
0.0544756
0.0853247
0.0540159
0.0847148
0.0535427
0.0840752
0.0530571
0.0834069
0.0525601
0.082711
0.0520527
0.0819886
0.0515357
0.0812405
0.0510102
0.080468
0.0504769
0.079672
0.0499369
0.0788538
0.049391
0.0780145
0.0488401
0.0771556
0.0482852
0.0762785
0.0477275
0.0753848
0.0471678
0.0744764
0.0466075
0.0735551
0.0460476
0.0726231
0.0454894
0.0716827
0.0449342
0.0707364
0.0443835
0.0697867
0.0438385
0.0688367
0.0433009
0.0678892
0.042772
0.0669475
0.0422535
0.0660149
0.0417469
0.0650948
0.0412539
0.0641909
0.040776
0.0633067
0.0403149
0.0624461
0.0398723
0.0616129
0.0394497
0.0608112
0.039049
0.0600448
0.0386716
0.0593178
0.0383194
0.0586345
0.037994
0.0579991
0.0376973
0.0574161
0.0374309
0.0568899
0.0371969
0.0564255
0.0369971
0.0560278
0.0368339
0.0557024
0.0367096
0.055455
0.0366267
0.055292
0.0365882
0.0552205
0.0365973
0.0552482
0.0366576
0.0553838
0.0367733
0.0556366
0.036949
0.0560174
0.0371897
0.0565375
0.0375011
0.0572087
0.0378888
0.0580432
0.0383585
0.0590515
0.0389148
0.0602407
0.0395604
0.0616109
0.0402937
0.0631504
0.0411066
0.0648284
0.0419809
0.0665891
0.0428857
0.0683472
0.0437763
0.0699932
0.0445989
0.0714102
0.0453013
0.0725041
0.0458478
0.0732339
0.0462299
0.0736243
0.0464661
0.0737534
0.046591
0.0737196
0.0466409
0.0736107
0.046645
0.0734865
0.0466229
0.0733786
0.0465861
0.0732979
0.0465415
0.0732446
0.0464929
0.0732146
0.0464434
0.0732044
0.0463956
0.0732118
0.0463521
0.0732374
0.0463159
0.073284
0.0462902
0.0733569
0.0462792
0.0734641
0.0462877
0.0736162
0.0463215
0.0738269
0.046388
0.0741128
0.0464959
0.0744932
0.0466553
0.0749891
0.0468774
0.0756205
0.0471728
0.076402
0.0475495
0.0773375
0.0480097
0.0784131
0.048546
0.0795937
0.0491392
0.0808236
0.0497591
0.0820361
0.0503691
0.0831664
0.0509332
0.0841642
0.0514232
0.0850004
0.0518217
0.0856664
0.0521224
0.0861683
0.0523273
0.0865211
0.0524434
0.0867429
0.0524798
0.0868518
0.0524465
0.0868636
0.0523527
0.086792
0.0522066
0.086648
0.0520154
0.0864407
0.0517852
0.0861773
0.0515212
0.0858636
0.0512275
0.0855044
0.050908
0.0851035
0.0505658
0.0846645
0.0502035
0.0841899
0.0498235
0.0836825
0.0494278
0.0831442
0.0490183
0.0825772
0.0485966
0.0819832
0.0481642
0.081364
0.0477225
0.0807213
0.0472728
0.0800567
0.0468165
0.079372
0.0463548
0.078669
0.0458889
0.0779494
0.0454202
0.0772152
0.0449498
0.0764685
0.0444792
0.0757115
0.0440096
0.0749466
0.0435425
0.0741763
0.0430794
0.0734034
0.0426218
0.0726308
0.0421712
0.0718618
0.0417294
0.0710995
0.0412981
0.0703477
0.0408792
0.06961
0.0404745
0.0688906
0.040086
0.0681936
0.0397158
0.0675234
0.0393661
0.0668847
0.0390391
0.0662825
0.0387371
0.0657218
0.0384628
0.0652082
0.0382186
0.0647474
0.0380074
0.0643456
0.0378322
0.0640092
0.037696
0.0637452
0.0376023
0.0635611
0.0375546
0.0634646
0.0375568
0.0634642
0.0376129
0.0635687
0.0377272
0.0637872
0.0379039
0.0641285
0.0381472
0.0646008
0.0384607
0.0652108
0.038847
0.0659615
0.0393067
0.0668507
0.0398373
0.0678674
0.0404318
0.0689887
0.0410768
0.070176
0.0417514
0.0713739
0.0424272
0.0725126
0.0430709
0.0735169
0.0436493
0.0743209
0.0441369
0.0748845
0.0445214
0.0752043
0.0448062
0.075312
0.045006
0.0752618
0.0451408
0.0751125
0.0452297
0.0749131
0.0452877
0.0746969
0.0453251
0.0744822
0.0453481
0.0742766
0.0453606
0.0740816
0.045365
0.0738957
0.0453628
0.0737167
0.0453554
0.0735429
0.045344
0.0733731
0.0453296
0.073207
0.0453135
0.0730452
0.0452968
0.0728886
0.0452806
0.0727391
0.0452663
0.0725988
0.0452551
0.0724708
0.0452485
0.0723587
0.0452481
0.0722668
0.0452558
0.0722004
0.0452738
0.0721655
0.0453045
0.0721692
0.0453506
0.0722195
0.0454152
0.0723249
0.0455011
0.0724942
0.0456112
0.0727352
0.0457475
0.073054
0.0459106
0.0734529
0.0460988
0.0739291
0.0463075
0.0744734
0.0465284
0.0750695
0.0467497
0.0756954
0.046957
0.0763256
0.0471347
0.076935
0.0472678
0.0775026
0.047344
0.0780143
0.047355
0.0784639
0.0472963
0.0788531
0.0471675
0.0791901
0.046971
0.0794864
0.046711
0.0797541
0.0463934
0.0799996
0.0460249
0.0802156
0.0456135
0.0803736
0.045169
0.0804231
0.0447027
0.0803107
0.0442258
0.0800114
0.0437475
0.0795444
0.0432739
0.0789574
0.0428083
0.0782981
0.0423521
0.0775994
0.0419065
0.0768802
0.0414727
0.0761518
0.041052
0.0754219
0.0406463
0.0746972
0.0402577
0.0739842
0.0398885
0.073289
0.039541
0.0726179
0.0392178
0.0719772
0.0389214
0.0713732
0.0386544
0.0708124
0.0384195
0.0703011
0.0382192
0.0698456
0.0380562
0.0694522
0.0379329
0.069127
0.0378517
0.0688757
0.0378146
0.0687033
0.0378232
0.0686142
0.0378786
0.0686114
0.0379811
0.0686962
0.0381298
0.0688675
0.0383226
0.0691214
0.0385559
0.0694506
0.0388241
0.0698439
0.0391198
0.0702862
0.039434
0.0707595
0.0397565
0.0712437
0.0400767
0.071719
0.0403845
0.0721678
0.0406717
0.072577
0.040932
0.0729393
0.0411623
0.0732526
0.0413618
0.0735198
0.0415317
0.0737466
0.0416747
0.07394
0.0417941
0.0741066
0.0418931
0.0742521
0.041975
0.0743808
0.0420425
0.0744955
0.0420979
0.0745981
0.0421431
0.0746896
0.0421797
0.0747706
0.0422091
0.0748413
0.0422324
0.0749018
0.0422504
0.0749522
0.042264
0.0749927
0.0422739
0.0750236
0.0422807
0.0750454
0.042285
0.0750587
0.0422878
0.0750649
0.0422902
0.0750661
0.0422948
0.0750675
0.0423076
0.0750809
0.0423431
0.0751348
0.0424378
0.0753
0.0426843
0.0757479
0.0433172
0.0768646
0.0449241
0.0793402
0.0488296
0.0835125
0.0566998
0.0868298
0.0664655
0.0852048
0.0727891
0.0824752
0.0754343
0.0855266
0.0782045
0.0836631
0.0785179
0.0854957
0.0796708
0.0834992
0.0792222
0.0867058
0.0803006
0.0837097
0.0791479
0.0888059
0.0804853
0.0838329
0.0784854
0.0913564
0.0803256
0.0837098
0.0774175
0.0940563
0.0799297
0.083659
0.0763097
0.0964811
0.0794592
0.0846595
0.0757959
0.0979479
0.0792746
0.0876626
0.0765659
0.0987586
0.0798359
0.0922316
0.078514
0.0994903
0.0807423
0.0963379
0.0801717
0.0997251
0.0810232
0.0985622
0.0806381
0.0996802
0.0806735
0.0993702
0.0803221
0.0996488
0.0800636
0.0995927
0.0797141
0.099652
0.0793812
0.0996512
0.079034
0.0996692
0.0786925
0.0996798
0.0783533
0.0996939
0.0780195
0.099708
0.0776909
0.0997232
0.0773679
0.0997385
0.0770501
0.0997538
0.0767375
0.0997685
0.0764295
0.0997823
0.0761259
0.0997947
0.0758264
0.0998056
0.0755305
0.0998145
0.0752379
0.0998213
0.0749484
0.0998255
0.0746616
0.0998269
0.0743771
0.0998254
0.0740948
0.0998206
0.0738144
0.0998123
0.0735356
0.0998003
0.0732582
0.0997843
0.0729819
0.0997642
0.0727066
0.0997397
0.0724321
0.0997106
0.0721581
0.0996766
0.0718846
0.0996375
0.0716112
0.0995931
0.071338
0.0995432
0.0710647
0.0994876
0.0707911
0.0994259
0.0705171
0.099358
0.0702426
0.0992836
0.0699674
0.0992025
0.0696914
0.0991145
0.0694143
0.0990191
0.0691362
0.0989163
0.0688568
0.0988056
0.0685759
0.0986868
0.0682935
0.0985596
0.0680092
0.0984237
0.0677231
0.0982787
0.0674348
0.0981243
0.0671442
0.0979601
0.066851
0.0977856
0.0665551
0.0976006
0.0662563
0.0974045
0.0659542
0.0971968
0.0656486
0.0969771
0.0653392
0.0967448
0.0650257
0.0964993
0.0647077
0.0962399
0.064385
0.095966
0.064057
0.0956769
0.0637233
0.0953717
0.0633835
0.0950495
0.0630371
0.0947094
0.0626833
0.0943503
0.0623217
0.0939711
0.0619515
0.0935705
0.0615719
0.0931471
0.0611822
0.0926993
0.0607813
0.0922255
0.0603682
0.0917238
0.0599418
0.0911921
0.0595008
0.0906281
0.0590438
0.0900292
0.0585694
0.0893927
0.0580758
0.0887156
0.0575613
0.0879944
0.0570239
0.0872256
0.0564615
0.0864053
0.0558719
0.0855292
0.0552529
0.084593
0.054602
0.0835922
0.053917
0.0825223
0.0531956
0.0813791
0.052436
0.0801583
0.0516364
0.0788567
0.050796
0.0774716
0.0499143
0.0760018
0.0489919
0.0744473
0.0480305
0.0728099
0.0470329
0.0710933
0.0460032
0.0693033
0.0449466
0.0674475
0.0438697
0.065535
0.0427796
0.0635765
0.0416844
0.0615836
0.0405925
0.0595682
0.0395122
0.0575423
0.038452
0.0555176
0.0374196
0.0535049
0.0364223
0.0515141
0.0354668
0.0495537
0.0345587
0.0476309
0.0337033
0.0457515
0.0329049
0.0439198
0.032167
0.042139
0.0314922
0.0404116
0.0308819
0.0387399
0.0303363
0.0371271
0.029853
0.0355786
0.0294263
0.0341026
0.029046
0.0327116
0.0286961
0.0314213
0.028356
0.0302477
0.0280039
0.0292025
0.027623
0.028288
0.027207
0.0274958
0.0267614
0.0268095
0.0262998
0.0262099
0.0258381
0.0256795
0.0253902
0.0252051
0.0249659
0.0247774
0.024571
0.0243909
0.0242087
0.024042
0.0238799
0.0237289
0.0235848
0.02345
0.023323
0.0232045
0.023094
0.0229915
0.022897
0.0228104
0.0227315
0.0226604
0.022597
0.0225413
0.0224931
0.0224524
0.0224194
0.0223938
0.0223758
0.0223653
0.0223624
0.022367
0.0223794
0.0223995
0.0224274
0.0224632
0.0225071
0.0225593
0.0226198
0.0226889
0.0227669
0.0228539
0.0229503
0.0230564
0.0231726
0.0232992
0.0234368
0.0235857
0.0237467
0.0239202
0.024107
0.0243079
0.0245237
0.0247553
0.0250039
0.0252707
0.0255569
0.0258642
0.0261943
0.026549
0.0269306
0.0273418
0.0277853
0.0282645
0.0287833
0.0293461
0.0299582
0.0306257
0.0313556
0.0321564
0.0330379
0.0340117
0.0350914
0.036293
0.0376347
0.0391369
0.0408213
0.0427091
0.0448166
0.0471484
0.0496857
0.0523713
0.055094
0.0576825
0.0599201
0.0615867
0.0625169
0.0626496
0.0620462
0.0608672
0.059322
0.0576124
0.0558944
0.0542669
0.0527803
0.0514515
0.0502777
0.0492447
0.048333
0.0475214
0.0467893
0.0461188
0.045495
0.0449062
0.0443441
0.0438016
0.0432755
0.0427605
0.0422593
0.0417614
0.0412844
0.040792
0.0403549
0.0398346
0.0395002
0.0388341
0.0388267
0.0376069
0.0386983
0.0356139
0.0403045
0.0321194
0.0451915
0.0297315
0.0471762
0.0289776
0.0458967
0.0283148
0.0441925
0.0277448
0.0427437
0.0272624
0.0415349
0.0268419
0.0404879
0.0264664
0.03955
0.026128
0.0386939
0.025823
0.0379072
0.0255499
0.037185
0.0253081
0.0365253
0.0250973
0.0359277
0.0249172
0.0353921
0.0247676
0.0349186
0.0246485
0.0345078
0.0245599
0.0341602
0.0245019
0.0338769
0.0244751
0.0336594
0.0244801
0.0335097
0.0245179
0.0334307
0.0245901
0.0334258
0.0246985
0.0334997
0.0248459
0.0336582
0.0250356
0.0339086
0.0252719
0.0342601
0.0255606
0.0347243
0.0259086
0.0353159
0.0263251
0.0360536
0.0268213
0.0369616
0.0274115
0.0380713
0.0281136
0.0394236
0.0289496
0.0410725
0.0299465
0.0430884
0.0311361
0.0455616
0.0325535
0.0486011
0.0342328
0.0523229
0.0361964
0.0568106
0.0384356
0.0620334
0.0408834
0.0677296
0.0433829
0.0733319
0.0456669
0.0780504
0.047391
0.0811645
0.0482993
0.082415
0.0484425
0.0821782
0.048146
0.0811972
0.0477397
0.0801329
0.0473943
0.0793162
0.0471461
0.078793
0.0469746
0.0784858
0.0468501
0.078306
0.0467511
0.0781912
0.0466648
0.0781065
0.046585
0.0780342
0.0465091
0.0779666
0.0464365
0.077901
0.0463669
0.0778362
0.0463005
0.077772
0.0462373
0.077708
0.046177
0.0776435
0.0461195
0.0775777
0.0460641
0.0775096
0.0460105
0.0774379
0.0459581
0.0773618
0.0459064
0.0772801
0.045855
0.0771923
0.0458034
0.0770979
0.0457515
0.0769967
0.045699
0.0768888
0.0456457
0.0767747
0.0455918
0.0766553
0.0455371
0.0765315
0.045482
0.0764047
0.0454264
0.0762764
0.0453708
0.0761485
0.0453154
0.0760228
0.0452604
0.0759014
0.0452064
0.0757866
0.0451538
0.0756808
0.0451031
0.0755867
0.0450553
0.0755077
0.0450113
0.0754477
0.0449729
0.0754121
0.0449427
0.0754082
0.0449246
0.0754465
0.0449249
0.0755422
0.0449534
0.0757178
0.0450254
0.0760063
0.0451648
0.0764548
0.0454079
0.0771271
0.0458073
0.0781024
0.0464347
0.0794609
0.0473727
0.0812495
0.0486876
0.0834272
0.0503735
0.0858266
0.0522963
0.088185
0.0542106
0.090252
0.0558745
0.0918873
0.0571613
0.0930789
0.0580694
0.0938977
0.0586638
0.09444
0.0590225
0.0947913
0.0592111
0.0950143
0.0592777
0.0951495
0.0592553
0.0952217
0.0591662
0.095245
0.0590252
0.0952277
0.0588427
0.0951746
0.058626
0.0950884
0.0583805
0.0949714
0.0581103
0.094825
0.0578186
0.0946506
0.057508
0.0944494
0.0571808
0.0942223
0.0568387
0.0939706
0.0564833
0.0936949
0.0561158
0.0933962
0.0557376
0.0930752
0.0553494
0.0927325
0.0549522
0.0923686
0.0545467
0.0919842
0.0541335
0.0915795
0.0537133
0.091155
0.0532864
0.0907109
0.0528533
0.0902473
0.0524144
0.0897645
0.05197
0.0892627
0.0515203
0.0887418
0.0510657
0.0882019
0.0506062
0.087643
0.0501422
0.0870652
0.0496738
0.0864684
0.0492011
0.0858527
0.0487244
0.085218
0.0482439
0.0845645
0.0477598
0.0838921
0.0472722
0.0832009
0.0467814
0.0824913
0.0462878
0.0817634
0.0457916
0.0810176
0.0452932
0.0802544
0.0447931
0.0794744
0.0442917
0.0786783
0.0437895
0.077867
0.0432872
0.0770417
0.0427856
0.0762037
0.0422853
0.0753544
0.0417872
0.0744955
0.0412924
0.0736291
0.0408017
0.0727572
0.0403164
0.0718824
0.0398376
0.0710072
0.0393665
0.0701346
0.0389047
0.0692676
0.0384534
0.0684094
0.0380142
0.0675636
0.0375886
0.0667338
0.0371783
0.0659238
0.036785
0.0651376
0.0364104
0.0643792
0.0360563
0.0636529
0.0357247
0.0629631
0.0354175
0.0623143
0.0351368
0.0617112
0.0348847
0.061159
0.0346636
0.0606628
0.0344759
0.0602282
0.0343244
0.0598614
0.0342119
0.0595689
0.0341416
0.0593581
0.034117
0.0592369
0.0341421
0.0592146
0.0342212
0.0593011
0.0343592
0.0595081
0.0345615
0.0598484
0.0348342
0.0603364
0.0351838
0.0609875
0.035617
0.0618182
0.0361408
0.0628442
0.0367611
0.0640784
0.037482
0.0655275
0.0383032
0.0671851
0.0392175
0.0690242
0.0402066
0.0709877
0.041237
0.072981
0.0422581
0.074874
0.043206
0.0765186
0.0440165
0.0777849
0.044644
0.078604
0.0450787
0.0789928
0.0453467
0.0790437
0.0454946
0.0788835
0.0455692
0.0786272
0.0456056
0.0783535
0.0456244
0.0781025
0.0456351
0.0778869
0.0456412
0.0777046
0.0456433
0.0775483
0.0456411
0.0774103
0.0456345
0.0772847
0.0456234
0.0771672
0.0456083
0.0770554
0.0455896
0.0769483
0.045568
0.0768456
0.0455441
0.0767479
0.0455186
0.0766561
0.0454923
0.0765717
0.0454658
0.0764966
0.04544
0.0764334
0.0454158
0.0763852
0.0453944
0.076356
0.0453773
0.0763508
0.0453664
0.0763761
0.0453642
0.0764402
0.0453742
0.0765536
0.0454011
0.0767296
0.0454509
0.0769847
0.045532
0.0773385
0.0456547
0.0778133
0.0458321
0.0784318
0.0460794
0.0792131
0.0464123
0.0801661
0.0468445
0.0812815
0.0473819
0.0825256
0.0480176
0.0838404
0.048727
0.085152
0.0494686
0.0863869
0.0501922
0.0874865
0.05085
0.088416
0.0514075
0.0891641
0.051847
0.0897376
0.0521656
0.0901536
0.0523707
0.0904329
0.0524746
0.0905961
0.0524911
0.0906616
0.0524329
0.0906442
0.0523117
0.0905558
0.0521368
0.0904056
0.0519161
0.0902006
0.0516561
0.0899462
0.0513619
0.0896464
0.0510376
0.0893044
0.0506867
0.0889227
0.0503122
0.088503
0.0499163
0.0880468
0.0495012
0.0875551
0.0490684
0.0870289
0.0486196
0.0864688
0.0481561
0.0858751
0.0476791
0.0852484
0.0471898
0.0845889
0.0466891
0.0838969
0.0461783
0.0831728
0.0456584
0.082417
0.0451306
0.0816301
0.0445961
0.0808129
0.0440565
0.0799664
0.0435133
0.0790921
0.0429683
0.0781919
0.0424235
0.0772683
0.0418812
0.0763242
0.041344
0.0753636
0.0408149
0.0743913
0.0402972
0.073413
0.0397945
0.0724358
0.039311
0.0714678
0.0388512
0.0705188
0.03842
0.0696001
0.0380227
0.0687245
0.0376652
0.0679066
0.0373535
0.0671624
0.037094
0.0665097
0.0368932
0.0659671
0.0367576
0.0655543
0.0366937
0.0652909
0.0367073
0.0651955
0.0368032
0.0652845
0.036985
0.0655704
0.0372534
0.066059
0.0376059
0.0667466
0.0380355
0.0676161
0.0385292
0.0686343
0.039068
0.0697501
0.0396273
0.0708969
0.0401793
0.0720005
0.0406971
0.0729908
0.041159
0.0738156
0.0415526
0.0744497
0.0418753
0.0748963
0.042133
0.0751809
0.0423359
0.0753405
0.0424958
0.0754139
0.0426229
0.0754355
0.0427251
0.0754333
0.0428077
0.0754297
0.0428742
0.075443
0.0429264
0.0754891
0.0429652
0.0755815
0.0429908
0.0757309
0.0430034
0.0759426
0.0430031
0.0762129
0.0429908
0.0765262
0.0429681
0.0768549
0.0429374
0.0771652
0.0429018
0.0774292
0.0428641
0.0776349
0.0428268
0.0777856
0.0427909
0.0778921
0.0427573
0.0779651
0.042726
0.0780123
0.0426969
0.078039
0.0426698
0.0780491
0.0426447
0.0780457
0.0426212
0.0780313
0.0425993
0.0780077
0.0425787
0.0779765
0.0425594
0.077939
0.0425413
0.0778961
0.0425241
0.0778488
0.0425078
0.0777976
0.0424924
0.0777432
0.0424777
0.0776859
0.0424637
0.0776262
0.0424503
0.0775644
0.0424374
0.0775007
0.0424251
0.0774354
0.0424132
0.0773686
0.0424018
0.0773005
0.0423907
0.0772314
0.0423801
0.0771612
0.0423697
0.0770901
0.0423597
0.0770182
0.04235
0.0769456
0.0423405
0.0768724
0.0423313
0.0767986
0.0423223
0.0767243
0.0423136
0.0766496
0.0423051
0.0765746
0.0422968
0.0764992
0.0422887
0.0764235
0.0422808
0.0763477
0.042273
0.0762717
0.0422656
0.0761957
0.0422584
0.0761198
0.0422516
0.0760444
0.0422455
0.0759701
0.0422408
0.0758984
0.0422389
0.0758323
0.042243
0.0757786
0.0422601
0.0757521
0.0423059
0.0757857
0.0424155
0.075951
0.042667
0.076401
0.0432332
0.0774405
0.0444864
0.0795764
0.0471448
0.0832421
0.0520984
0.0876775
0.0588513
0.0905526
0.0646786
0.0907806
0.0681911
0.089371
0.070063
0.0872585
0.0711147
0.0847976
0.0717381
0.0828492
0.072215
0.0821311
0.0725866
0.0828964
0.0730709
0.0841329
0.0735537
0.0846352
0.0737294
0.0857781
0.0741386
0.0865684
0.0745204
0.0881376
0.0753247
0.089432
0.076243
0.0915533
0.0775793
0.0931772
0.0787838
0.0950249
0.079904
0.0961082
0.0805835
0.0969543
0.0809818
0.0973662
0.0811096
0.0976272
0.0810955
0.0977664
0.0809878
0.0978659
0.0808317
0.0979475
0.0806475
0.0980281
0.0804477
0.0981123
0.0802386
0.0982017
0.0800235
0.0982955
0.0798043
0.0983924
0.0795817
0.098491
0.0793563
0.09859
0.0791285
0.0986882
0.0788984
0.0987849
0.0786663
0.0988795
0.0784322
0.0989714
0.0781964
0.0990604
0.077959
0.0991462
0.0777201
0.0992286
0.0774799
0.0993075
0.0772384
0.0993827
0.0769957
0.0994543
0.076752
0.099522
0.0765072
0.099586
0.0762616
0.0996461
0.0760151
0.0997022
0.0757678
0.0997543
0.0755197
0.0998024
0.0752709
0.0998464
0.0750214
0.0998863
0.0747712
0.0999219
0.0745204
0.0999532
0.0742689
0.0999801
0.0740168
0.100003
0.073764
0.10002
0.0735106
0.100034
0.0732565
0.100042
0.0730017
0.100046
0.0727463
0.100045
0.0724902
0.100039
0.0722334
0.100027
0.0719758
0.100011
0.0717174
0.099989
0.0714582
0.0999616
0.0711982
0.0999286
0.0709373
0.0998899
0.0706755
0.0998453
0.0704127
0.0997947
0.0701488
0.099738
0.0698839
0.0996749
0.0696178
0.0996053
0.0693505
0.0995291
0.069082
0.099446
0.068812
0.0993559
0.0685407
0.0992586
0.0682677
0.0991539
0.0679932
0.0990415
0.067717
0.0989213
0.0674389
0.098793
0.0671589
0.0986563
0.0668768
0.098511
0.0665925
0.0983568
0.0663059
0.0981934
0.0660168
0.0980205
0.065725
0.0978378
0.0654305
0.0976449
0.0651329
0.0974414
0.0648321
0.097227
0.0645278
0.0970011
0.0642199
0.0967635
0.0639081
0.0965134
0.0635921
0.0962506
0.0632716
0.0959743
0.0629464
0.0956841
0.0626159
0.0953792
0.06228
0.0950589
0.0619381
0.0947225
0.0615899
0.0943692
0.0612349
0.093998
0.0608725
0.0936081
0.0605022
0.0931983
0.0601234
0.0927676
0.0597353
0.0923146
0.0593373
0.091838
0.0589286
0.0913362
0.0585083
0.0908077
0.0580754
0.0902506
0.057629
0.089663
0.0571678
0.0890427
0.0566907
0.0883874
0.0561964
0.0876945
0.0556834
0.0869613
0.0551503
0.0861847
0.0545955
0.0853617
0.0540173
0.0844889
0.0534141
0.0835628
0.0527842
0.0825799
0.0521259
0.0815366
0.0514377
0.0804294
0.0507183
0.0792551
0.0499666
0.0780111
0.0491819
0.076695
0.0483642
0.0753056
0.0475139
0.0738427
0.0466323
0.0723072
0.0457215
0.0707015
0.0447846
0.0690297
0.0438253
0.0672974
0.0428486
0.0655115
0.04186
0.0636804
0.0408658
0.0618138
0.0398725
0.0599217
0.0388869
0.0580149
0.037916
0.0561043
0.0369665
0.0542002
0.0360447
0.0523128
0.0351565
0.0504512
0.0343073
0.0486234
0.0335019
0.0468365
0.0327444
0.0450959
0.0320383
0.0434061
0.0313866
0.04177
0.0307914
0.04019
0.030254
0.0386677
0.0297751
0.0372052
0.0293538
0.035805
0.0289875
0.0344716
0.0286711
0.0332113
0.0283965
0.0320335
0.0281517
0.0309492
0.0279223
0.0299698
0.0276931
0.0291039
0.0274523
0.0283544
0.0271947
0.0277174
0.0269229
0.0271837
0.0266463
0.0267411
0.0263775
0.0263781
0.02613
0.0260858
0.0259156
0.0258588
0.0257446
0.0256955
0.0256262
0.0255978
0.0255693
0.025571
0.025584
0.0256238
0.0256826
0.0257688
0.0258804
0.026023
0.0261975
0.0264089
0.0266599
0.0269558
0.0273009
0.0277012
0.0281624
0.0286916
0.029296
0.0299837
0.0307632
0.0316437
0.0326343
0.0337449
0.0349848
0.0363632
0.0378881
0.0395661
0.0414012
0.0433933
0.0455361
0.047815
0.0502028
0.0526565
0.0551137
0.0574898
0.05968
0.0615672
0.0630382
0.064008
0.064443
0.0643729
0.0638803
0.0630776
0.0620756
0.0609689
0.0598212
0.0586779
0.0575555
0.0564732
0.0554187
0.0544122
0.0534163
0.0524773
0.0515154
0.0506394
0.0496803
0.0488799
0.0478798
0.0471986
0.046083
0.0456188
0.0442487
0.0441974
0.0423112
0.043043
0.04017
0.0423381
0.0377241
0.0422933
0.0350708
0.0427583
0.032753
0.0427739
0.0311135
0.0418016
0.0298755
0.040257
0.0288359
0.0385589
0.0279307
0.0368942
0.0271314
0.0353182
0.0264203
0.0338363
0.025786
0.0324405
0.0252213
0.031122
0.0247203
0.0298746
0.0242776
0.0286951
0.023887
0.0275837
0.0235405
0.026543
0.0232282
0.025578
0.022938
0.0246945
0.0226573
0.0238977
0.0223749
0.0231894
0.0220834
0.0225672
0.0217807
0.0220248
0.0214701
0.0215526
0.0211581
0.0211405
0.0208525
0.0207789
0.0205604
0.0204602
0.0202873
0.0201787
0.0200369
0.0199304
0.0198113
0.0197126
0.0196117
0.0195238
0.0194385
0.0193627
0.0192918
0.0192287
0.0191714
0.0191211
0.019077
0.0190397
0.0190087
0.0189842
0.0189662
0.0189547
0.0189497
0.0189513
0.0189595
0.0189743
0.018996
0.0190245
0.01906
0.0191028
0.0191528
0.0192105
0.019276
0.0193496
0.0194317
0.0195226
0.0196229
0.0197328
0.0198532
0.0199846
0.0201278
0.0202836
0.0204532
0.0206376
0.0208382
0.0210567
0.0212949
0.0215549
0.0218394
0.0221514
0.0224944
0.0228729
0.023292
0.0237579
0.024278
0.0248616
0.0255197
0.0262658
0.0271166
0.0280924
0.0292182
0.0305247
0.0320495
0.033838
0.0359439
0.0384285
0.0413565
0.0447862
0.0487472
0.0532043
0.0580049
0.0628292
0.0671837
0.0704924
0.0723152
0.0725996
0.0716993
0.0701327
0.0683506
0.0666329
0.065116
0.0638206
0.0627707
0.061847
0.0612481
0.0603478
0.0606947
0.0581391
0.0640116
0.0511975
0.081704
0.0495768
0.0828462
0.0488971
0.0811796
0.048302
0.0803577
0.0479186
0.0800015
0.0476612
0.0798703
0.0474802
0.0798426
0.0473492
0.0798607
0.0472531
0.0798971
0.0471821
0.0799386
0.0471295
0.0799788
0.0470902
0.0800148
0.0470603
0.0800452
0.047037
0.0800696
0.0470181
0.0800878
0.0470021
0.0801004
0.0469877
0.0801078
0.0469743
0.0801105
0.0469613
0.0801089
0.0469484
0.0801037
0.0469353
0.0800953
0.0469219
0.0800839
0.046908
0.0800699
0.0468936
0.0800535
0.0468785
0.0800348
0.0468629
0.0800139
0.0468465
0.0799908
0.0468293
0.0799656
0.0468113
0.079938
0.0467924
0.079908
0.0467725
0.0798754
0.0467515
0.07984
0.0467294
0.0798015
0.0467061
0.0797597
0.0466814
0.0797142
0.0466552
0.0796647
0.0466274
0.0796106
0.0465978
0.0795516
0.0465663
0.0794871
0.0465328
0.0794166
0.046497
0.0793394
0.0464587
0.0792548
0.0464179
0.0791621
0.0463742
0.0790607
0.0463276
0.0789496
0.0462778
0.0788281
0.0462247
0.0786956
0.0461682
0.0785512
0.0461082
0.0783945
0.0460447
0.0782252
0.0459778
0.0780431
0.0459076
0.0778484
0.0458344
0.0776418
0.0457587
0.0774245
0.0456809
0.0771979
0.0456017
0.0769642
0.0455217
0.0767259
0.0454418
0.0764858
0.0453626
0.0762469
0.0452849
0.0760122
0.0452094
0.0757847
0.0451365
0.0755669
0.0450666
0.075361
0.045
0.075169
0.0449368
0.0749921
0.0448769
0.0748312
0.0448203
0.0746869
0.0447667
0.0745595
0.0447161
0.0744492
0.0446682
0.074356
0.0446231
0.0742805
0.0445809
0.0742234
0.0445423
0.0741865
0.0445086
0.0741728
0.0444824
0.0741884
0.0444685
0.0742437
0.0444756
0.0743569
0.0445194
0.0745601
0.0446281
0.0749074
0.0448516
0.0754889
0.0452769
0.0764449
0.0460481
0.0779668
0.04738
0.080246
0.0495165
0.0833207
0.0525384
0.086882
0.0560614
0.0902992
0.0593013
0.0929768
0.0616961
0.0947108
0.06322
0.095685
0.0641155
0.0962022
0.0646208
0.0964977
0.0648941
0.0967046
0.0650266
0.0968827
0.0650679
0.0970513
0.0650447
0.0972118
0.0649719
0.0973595
0.0648583
0.0974888
0.0647097
0.0975955
0.0645304
0.0976765
0.0643239
0.0977305
0.0640933
0.0977568
0.0638409
0.0977556
0.0635692
0.0977274
0.0632802
0.0976731
0.0629755
0.0975935
0.0626569
0.0974895
0.0623257
0.0973621
0.0619832
0.0972123
0.0616305
0.0970407
0.0612685
0.0968483
0.0608981
0.0966357
0.0605201
0.0964035
0.0601352
0.0961523
0.0597439
0.0958827
0.0593467
0.095595
0.0589441
0.0952898
0.0585365
0.0949672
0.0581242
0.0946276
0.0577076
0.0942713
0.0572867
0.0938984
0.056862
0.0935091
0.0564335
0.0931035
0.0560013
0.0926817
0.0555656
0.0922436
0.0551266
0.0917893
0.0546841
0.0913189
0.0542384
0.0908321
0.0537893
0.090329
0.053337
0.0898093
0.0528814
0.0892731
0.0524226
0.0887201
0.0519604
0.0881502
0.051495
0.0875631
0.0510262
0.0869588
0.050554
0.086337
0.0500785
0.0856976
0.0495996
0.0850403
0.0491174
0.084365
0.0486318
0.0836717
0.0481429
0.0829601
0.0476508
0.0822303
0.0471555
0.0814822
0.0466572
0.080716
0.0461561
0.0799317
0.0456523
0.0791295
0.045146
0.07831
0.0446376
0.0774734
0.0441275
0.0766203
0.043616
0.0757516
0.0431036
0.074868
0.0425908
0.0739707
0.0420782
0.0730608
0.0415666
0.0721397
0.0410566
0.0712091
0.040549
0.0702706
0.0400448
0.0693263
0.0395448
0.0683783
0.0390501
0.0674289
0.0385617
0.0664805
0.0380806
0.0655357
0.037608
0.0645971
0.0371451
0.0636677
0.0366931
0.0627502
0.0362533
0.0618477
0.0358267
0.0609631
0.0354147
0.0600994
0.0350186
0.0592598
0.0346396
0.0584473
0.034279
0.057665
0.0339381
0.056916
0.0336182
0.0562034
0.0333206
0.0555306
0.0330467
0.0549008
0.0327979
0.0543173
0.0325758
0.0537838
0.0323819
0.053304
0.0322179
0.052882
0.0320856
0.0525221
0.0319872
0.0522291
0.0319248
0.0520086
0.0319012
0.0518665
0.0319192
0.0518098
0.0319822
0.0518465
0.0320942
0.051986
0.0322596
0.0522391
0.0324837
0.0526186
0.0327726
0.0531394
0.0331334
0.0538191
0.0335742
0.0546779
0.0341039
0.0557387
0.0347326
0.0570263
0.0354703
0.0585659
0.0363266
0.0603792
0.0373078
0.0624771
0.0384143
0.0648487
0.039634
0.0674447
0.0409357
0.0701592
0.0422611
0.0728197
0.0435223
0.0752001
0.0446146
0.0770712
0.0454476
0.0782807
0.0459851
0.0788217
0.0462602
0.0788348
0.0463522
0.0785383
0.0463446
0.0781346
0.0462973
0.0777543
0.0462423
0.0774532
0.0461917
0.0772376
0.0461474
0.0770921
0.0461076
0.076996
0.0460701
0.0769313
0.0460329
0.0768843
0.0459951
0.0768453
0.045956
0.076808
0.0459155
0.0767683
0.0458736
0.0767238
0.0458305
0.0766732
0.0457865
0.0766163
0.0457421
0.0765536
0.0456979
0.0764864
0.0456543
0.0764165
0.0456124
0.0763467
0.0455733
0.0762806
0.0455384
0.076223
0.0455097
0.0761799
0.0454899
0.0761592
0.0454826
0.0761711
0.0454926
0.0762291
0.0455268
0.0763505
0.0455944
0.076558
0.0457079
0.0768801
0.0458838
0.0773512
0.046143
0.0780097
0.0465099
0.0788915
0.0470099
0.0800193
0.0476621
0.0813867
0.0484695
0.0829435
0.0494071
0.0845941
0.0504181
0.0862164
0.0514236
0.0876963
0.0523453
0.088957
0.0531272
0.0899688
0.0537445
0.0907398
0.0541986
0.0912999
0.054506
0.0916857
0.0546892
0.0919319
0.0547705
0.0920677
0.0547693
0.0921155
0.0547014
0.0920922
0.0545795
0.0920102
0.0544134
0.0918785
0.0542106
0.0917039
0.0539773
0.0914911
0.053718
0.0912442
0.0534366
0.0909658
0.053136
0.0906585
0.0528187
0.0903241
0.0524867
0.0899641
0.0521417
0.0895798
0.051785
0.0891722
0.0514179
0.0887422
0.0510413
0.0882905
0.0506561
0.0878178
0.050263
0.0873245
0.0498626
0.086811
0.0494554
0.0862777
0.0490419
0.0857249
0.0486226
0.0851527
0.0481977
0.0845614
0.0477675
0.0839511
0.0473325
0.0833221
0.0468929
0.0826745
0.046449
0.0820084
0.046001
0.0813241
0.0455493
0.0806218
0.0450942
0.0799018
0.0446359
0.0791646
0.0441748
0.0784104
0.0437114
0.07764
0.0432459
0.0768539
0.042779
0.0760528
0.0423111
0.0752378
0.0418427
0.0744099
0.0413745
0.0735701
0.0409072
0.07272
0.0404414
0.071861
0.0399779
0.0709949
0.0395176
0.0701234
0.0390614
0.0692487
0.0386102
0.0683728
0.038165
0.0674982
0.0377269
0.0666272
0.0372969
0.0657625
0.0368762
0.0649068
0.0364659
0.0640629
0.0360673
0.0632336
0.0356815
0.062422
0.0353098
0.0616309
0.0349535
0.0608636
0.0346139
0.0601231
0.0342923
0.0594126
0.0339902
0.0587354
0.0337089
0.0580947
0.0334499
0.0574941
0.0332148
0.0569371
0.0330051
0.0564275
0.0328227
0.0559693
0.0326693
0.0555667
0.0325471
0.0552244
0.0324581
0.0549475
0.032405
0.0547418
0.0323905
0.0546137
0.0324176
0.0545704
0.03249
0.0546203
0.0326116
0.0547731
0.0327871
0.0550399
0.0330218
0.0554336
0.0333218
0.0559692
0.0336937
0.0566636
0.0341454
0.0575361
0.034685
0.0586077
0.0353212
0.0598998
0.0360622
0.0614321
0.0369146
0.0632178
0.0378807
0.0652563
0.0389552
0.0675219
0.0401196
0.0699499
0.0413363
0.0724251
0.042544
0.0747798
0.0436601
0.0768161
0.0445969
0.0783563
0.0452913
0.0793066
0.045731
0.0796985
0.0459574
0.0796722
0.0460407
0.0794122
0.0460477
0.0790775
0.0460245
0.0787667
0.0459955
0.0785212
0.0459698
0.0783457
0.045949
0.0782285
0.0459319
0.0781538
0.0459162
0.0781069
0.0459004
0.0780765
0.0458834
0.0780542
0.0458642
0.078034
0.0458427
0.0780118
0.0458184
0.0779849
0.0457914
0.0779515
0.0457617
0.0779107
0.0457296
0.0778623
0.0456952
0.0778065
0.045659
0.0777443
0.0456214
0.0776771
0.0455832
0.0776072
0.0455451
0.0775372
0.0455085
0.0774709
0.0454747
0.0774129
0.0454457
0.0773692
0.0454241
0.0773472
0.0454133
0.0773565
0.045418
0.0774093
0.0454444
0.0775213
0.0455008
0.077712
0.0455984
0.0780057
0.0457516
0.0784309
0.0459788
0.0790189
0.0463011
0.0797987
0.046741
0.0807891
0.0473168
0.0819869
0.0480344
0.0833559
0.0488784
0.0848241
0.0498062
0.0862948
0.050753
0.0876705
0.0516478
0.0888769
0.0524326
0.0898755
0.0530743
0.0906609
0.0535646
0.0912503
0.0539123
0.0916714
0.0541351
0.0919535
0.0542529
0.0921232
0.0542843
0.0922022
0.0542453
0.0922073
0.0541488
0.0921515
0.0540054
0.0920444
0.053823
0.091893
0.0536083
0.091703
0.0533662
0.0914783
0.0531009
0.0912223
0.0528156
0.0909374
0.052513
0.0906256
0.0521953
0.0902887
0.0518643
0.089928
0.0515215
0.0895445
0.0511682
0.0891392
0.0508053
0.0887129
0.0504339
0.0882661
0.0500546
0.0877993
0.049668
0.087313
0.0492748
0.0868075
0.0488754
0.086283
0.0484701
0.0857397
0.0480594
0.0851778
0.0476436
0.0845974
0.0472229
0.0839987
0.0467976
0.0833817
0.0463679
0.0827466
0.0459342
0.0820934
0.0454966
0.0814224
0.0450555
0.0807337
0.0446111
0.0800276
0.0441637
0.0793045
0.0437136
0.0785648
0.0432613
0.0778089
0.0428071
0.0770375
0.0423515
0.0762514
0.041895
0.0754514
0.0414381
0.0746386
0.0409816
0.0738142
0.0405259
0.0729795
0.040072
0.0721361
0.0396205
0.0712856
0.0391723
0.0704301
0.0387283
0.0695714
0.0382895
0.0687118
0.0378568
0.0678538
0.0374314
0.0669997
0.0370143
0.0661524
0.0366067
0.0653144
0.0362098
0.0644888
0.0358247
0.0636784
0.0354529
0.0628864
0.0350954
0.0621157
0.0347537
0.0613697
0.0344292
0.0606515
0.0341232
0.0599645
0.0338371
0.059312
0.0335726
0.0586975
0.033331
0.0581247
0.0331142
0.0575974
0.0329238
0.0571196
0.0327617
0.0566954
0.03263
0.0563297
0.0325308
0.0560274
0.0324667
0.0557941
0.0324403
0.0556361
0.0324547
0.0555604
0.0325134
0.0555753
0.0326203
0.0556899
0.0327797
0.0559149
0.0329969
0.0562626
0.0332775
0.0567474
0.033628
0.0573854
0.0340558
0.058195
0.0345687
0.0591962
0.035175
0.0604097
0.0358825
0.0618549
0.0366978
0.0635461
0.0376239
0.0654857
0.0386572
0.0676548
0.0397827
0.0700007
0.0409687
0.0724246
0.0421612
0.0747778
0.0432851
0.0768756
0.0442557
0.0785379
0.0450038
0.0796485
0.0455037
0.0802027
0.0457832
0.0803079
0.0459051
0.0801334
0.0459368
0.0798421
0.0459294
0.0795467
0.0459118
0.0793033
0.0458967
0.0791268
0.045887
0.0790111
0.045882
0.0789426
0.0458795
0.0789071
0.0458776
0.0788929
0.0458746
0.0788907
0.0458697
0.078894
0.0458621
0.0788977
0.0458513
0.0788985
0.0458372
0.0788938
0.0458195
0.0788819
0.0457984
0.0788619
0.0457737
0.0788331
0.0457456
0.0787954
0.0457143
0.0787491
0.04568
0.0786947
0.0456431
0.0786333
0.0456039
0.0785662
0.045563
0.0784954
0.0455213
0.0784233
0.0454796
0.078353
0.0454391
0.0782885
0.0454015
0.0782346
0.0453688
0.0781974
0.0453438
0.0781847
0.0453301
0.078206
0.0453325
0.0782734
0.0453576
0.0784023
0.045414
0.0786113
0.0455132
0.0789231
0.04567
0.0793638
0.0459026
0.0799603
0.046232
0.0807366
0.0466797
0.081705
0.0472618
0.0828569
0.0479816
0.0841541
0.0488211
0.0855285
0.0497362
0.0868929
0.0506633
0.0881623
0.0515347
0.0892734
0.0522964
0.0901939
0.0529181
0.09092
0.0533927
0.0914668
0.053729
0.0918587
0.0539439
0.0921217
0.0540565
0.0922793
0.0540846
0.0923511
0.0540436
0.0923525
0.0539462
0.0922954
0.0538024
0.0921886
0.0536202
0.092039
0.0534061
0.0918518
0.0531649
0.0916309
0.0529008
0.0913794
0.0526171
0.0910998
0.0523163
0.090794
0.0520007
0.0904637
0.051672
0.0901102
0.0513319
0.0897345
0.0509814
0.0893375
0.0506217
0.08892
0.0502536
0.0884825
0.0498779
0.0880255
0.0494952
0.0875494
0.0491061
0.0870545
0.0487109
0.0865409
0.0483101
0.0860089
0.047904
0.0854587
0.047493
0.0848902
0.0470772
0.0843037
0.0466569
0.0836991
0.0462324
0.0830767
0.0458039
0.0824364
0.0453718
0.0817786
0.0449361
0.0811033
0.0444973
0.0804109
0.0440557
0.0797016
0.0436115
0.078976
0.0431653
0.0782346
0.0427174
0.0774779
0.0422683
0.0767069
0.0418186
0.0759224
0.0413689
0.0751256
0.0409198
0.0743177
0.0404721
0.0735001
0.0400265
0.0726745
0.0395839
0.0718427
0.0391452
0.0710067
0.0387114
0.0701688
0.0382835
0.0693311
0.0378626
0.0684964
0.0374498
0.0676673
0.0370464
0.0668466
0.0366536
0.0660374
0.0362727
0.0652428
0.035905
0.0644659
0.0355519
0.0637101
0.0352148
0.0629789
0.0348953
0.0622757
0.0345948
0.0616042
0.0343149
0.060968
0.0340573
0.0603712
0.0338238
0.0598176
0.0336161
0.0593116
0.0334363
0.0588575
0.0332864
0.0584603
0.0331687
0.058125
0.0330857
0.0578575
0.0330402
0.057664
0.0330353
0.0575517
0.0330743
0.0575284
0.0331611
0.0576032
0.0333001
0.0577865
0.0334962
0.0580902
0.0337548
0.0585276
0.0340822
0.0591139
0.0344851
0.0598659
0.0349706
0.0608017
0.0355462
0.0619394
0.0362188
0.0632952
0.0369934
0.0648794
0.0378717
0.066691
0.0388486
0.0687085
0.0399084
0.0708794
0.0410197
0.0731115
0.0421324
0.0752698
0.0431782
0.0771916
0.0440829
0.0787215
0.0447876
0.0797606
0.0452711
0.0803051
0.045557
0.0804453
0.0456989
0.0803244
0.0457549
0.0800825
0.04577
0.0798202
0.045771
0.0795915
0.0457702
0.0794147
0.0457714
0.0792883
0.0457744
0.0792029
0.0457779
0.0791476
0.0457803
0.0791127
0.0457804
0.0790905
0.0457777
0.0790752
0.0457716
0.0790627
0.0457618
0.0790499
0.0457483
0.0790346
0.0457311
0.0790153
0.0457103
0.078991
0.045686
0.0789613
0.0456582
0.078926
0.0456274
0.0788855
0.0455936
0.0788403
0.0455574
0.0787916
0.0455191
0.078741
0.0454793
0.0786903
0.0454389
0.0786424
0.0453988
0.0786004
0.0453602
0.0785685
0.0453249
0.0785518
0.045295
0.0785564
0.0452733
0.07859
0.0452637
0.0786623
0.0452711
0.0787848
0.0453024
0.0789717
0.0453662
0.0792402
0.045474
0.0796096
0.0456401
0.0801013
0.0458817
0.0807354
0.0462172
0.0815267
0.0466643
0.0824783
0.0472337
0.0835742
0.0479233
0.084775
0.0487114
0.0860193
0.0495553
0.0872351
0.0503986
0.0883556
0.051184
0.0893326
0.0518674
0.0901425
0.0524242
0.0907833
0.0528486
0.0912675
0.053148
0.0916144
0.0533365
0.0918451
0.0534301
0.0919788
0.0534442
0.0920319
0.0533926
0.0920177
0.0532864
0.0919464
0.0531349
0.0918261
0.0529455
0.0916631
0.0527244
0.0914622
0.0524762
0.0912271
0.052205
0.090961
0.0519139
0.0906661
0.0516055
0.0903444
0.051282
0.0899975
0.0509453
0.0896267
0.0505967
0.089233
0.0502376
0.0888174
0.0498691
0.0883804
0.0494919
0.0879227
0.049107
0.0874448
0.0487149
0.086947
0.0483162
0.0864296
0.0479115
0.085893
0.0475011
0.0853373
0.0470854
0.0847627
0.0466649
0.0841695
0.04624
0.0835579
0.0458108
0.0829282
0.045378
0.0822806
0.0449418
0.0816155
0.0445027
0.0809334
0.0440611
0.0802349
0.0436176
0.0795206
0.0431727
0.0787913
0.0427271
0.078048
0.0422815
0.0772919
0.0418366
0.0765243
0.0413933
0.0757468
0.0409524
0.0749611
0.0405151
0.0741692
0.0400824
0.0733734
0.0396555
0.0725761
0.0392355
0.0717802
0.038824
0.0709885
0.0384223
0.0702043
0.0380319
0.069431
0.0376545
0.0686724
0.0372916
0.0679325
0.0369451
0.0672152
0.0366169
0.0665251
0.0363089
0.0658667
0.0360231
0.0652449
0.0357617
0.0646646
0.0355271
0.0641313
0.0353216
0.0636507
0.035148
0.0632287
0.0350089
0.0628719
0.0349076
0.0625874
0.0348474
0.0623827
0.0348318
0.0622663
0.0348649
0.0622473
0.0349511
0.0623361
0.0350953
0.0625439
0.0353027
0.0628829
0.0355788
0.0633662
0.0359294
0.0640073
0.0363604
0.0648192
0.0368766
0.0658128
0.0374817
0.0669943
0.0381761
0.0683607
0.0389551
0.0698946
0.0398063
0.0715576
0.0407061
0.0732843
0.0416185
0.0749807
0.0424953
0.0765328
0.0432838
0.0778265
0.0439386
0.078778
0.0444361
0.0793594
0.0447811
0.0796071
0.0450017
0.0796034
0.0451355
0.0794457
0.0452168
0.0792178
0.0452699
0.0789772
0.0453087
0.0787549
0.0453399
0.0785629
0.0453656
0.0784017
0.0453862
0.0782671
0.0454014
0.0781536
0.0454111
0.0780562
0.045415
0.0779709
0.0454134
0.0778949
0.0454066
0.0778265
0.045395
0.0777646
0.0453791
0.0777088
0.0453593
0.0776593
0.0453361
0.0776166
0.0453098
0.0775817
0.045281
0.0775562
0.0452499
0.0775419
0.0452172
0.0775415
0.0451833
0.077558
0.0451489
0.0775953
0.0451148
0.0776579
0.045082
0.0777513
0.0450517
0.0778818
0.0450258
0.0780568
0.0450065
0.0782842
0.0449971
0.0785726
0.0450016
0.0789303
0.0450255
0.0793644
0.0450758
0.0798796
0.0451613
0.0804769
0.0452923
0.0811531
0.0454799
0.0819011
0.0457349
0.0827113
0.0460649
0.0835721
0.0464716
0.0844686
0.0469474
0.0853798
0.0474744
0.0862772
0.0480246
0.0871279
0.0485644
0.0879001
0.0490611
0.0885693
0.0494879
0.089121
0.0498277
0.0895513
0.0500733
0.089864
0.050225
0.0900678
0.0502882
0.0901731
0.0502711
0.0901905
0.0501824
0.0901296
0.0500307
0.0899984
0.0498238
0.0898037
0.0495684
0.0895508
0.0492702
0.0892438
0.0489343
0.088886
0.0485647
0.0884798
0.048165
0.088027
0.0477385
0.0875291
0.0472879
0.0869872
0.0468157
0.086402
0.0463245
0.0857744
0.0458164
0.0851052
0.0452938
0.0843951
0.044759
0.0836455
0.0442145
0.0828578
0.0436625
0.082034
0.0431059
0.0811768
0.0425472
0.0802896
0.0419893
0.0793768
0.0414354
0.0784434
0.0408884
0.0774955
0.0403519
0.0765399
0.0398291
0.0755843
0.0393238
0.074637
0.0388397
0.0737069
0.0383805
0.0728033
0.0379503
0.0719357
0.037553
0.0711141
0.0371927
0.0703482
0.0368736
0.0696483
0.0365999
0.0690243
0.0363757
0.0684865
0.0362052
0.0680448
0.0360926
0.0677094
0.0360418
0.0674897
0.0360564
0.0673952
0.0361397
0.0674338
0.036294
0.0676121
0.0365204
0.0679338
0.0368182
0.0683984
0.0371842
0.0689995
0.0376118
0.0697227
0.0380901
0.0705442
0.038604
0.0714301
0.0391339
0.0723377
0.039658
0.0732201
0.0401542
0.0740326
0.0406038
0.0747407
0.0409941
0.0753268
0.0413205
0.075791
0.041585
0.0761484
0.0417948
0.0764218
0.0419592
0.0766351
0.0420875
0.0768083
0.0421878
0.0769557
0.0422664
0.0770862
0.0423283
0.0772049
0.0423768
0.0773135
0.0424145
0.0774126
0.0424433
0.0775016
0.0424647
0.07758
0.04248
0.0776469
0.04249
0.077702
0.0424958
0.0777452
0.0424981
0.0777765
0.0424975
0.0777963
0.0424946
0.0778052
0.0424898
0.0778041
0.0424836
0.0777936
0.0424764
0.0777746
0.0424683
0.0777481
0.0424595
0.0777148
0.0424504
0.0776756
0.042441
0.0776312
0.0424314
0.0775821
0.0424217
0.0775291
0.0424121
0.0774725
0.0424024
0.077413
0.0423929
0.0773509
0.0423834
0.0772865
0.0423741
0.0772202
0.0423649
0.0771522
0.0423558
0.0770827
0.0423469
0.077012
0.0423381
0.0769402
0.0423295
0.0768675
0.0423211
0.0767939
0.0423128
0.0767197
0.0423046
0.0766449
0.0422966
0.0765696
0.0422887
0.0764938
0.042281
0.0764177
0.0422733
0.0763412
0.0422658
0.0762645
0.0422584
0.0761876
0.0422511
0.0761106
0.0422439
0.0760333
0.0422369
0.075956
0.0422299
0.0758787
0.042223
0.0758012
0.0422162
0.0757238
0.0422095
0.0756464
0.0422028
0.075569
0.0421963
0.0754916
0.0421898
0.0754143
0.0421834
0.0753371
0.0421771
0.07526
0.0421709
0.075183
0.0421647
0.0751062
0.0421586
0.0750294
0.0421525
0.0749529
0.0421466
0.0748765
0.0421407
0.0748003
0.0421348
0.0747243
0.042129
0.0746484
0.0421233
0.0745729
0.0421177
0.0744974
0.0421121
0.0744224
0.0421066
0.0743473
0.0421012
0.0742731
0.0420958
0.074198
0.0420905
0.0741256
0.0420853
0.0740487
0.0420802
0.0739817
0.0420752
0.0738958
0.0420702
0.0738496
0.0420656
0.0737224
0.0420606
0.0737656
0.0420567
0.0734506
0.0420511
0.0738973
0.0420495
0.0727023
0.0420399
0.075015
0.0420478
0.0695303
0.0420169
0.0796433
0.0420578
0.0570079
0.0430356
0.0575021
0.0433627
0.0577174
0.0436844
0.0552067
0.0434235
0.0615717
0.0430077
0.0708407
0.0425042
0.0823113
0.0423209
0.0602337
0.0426316
0.0686077
0.0423215
0.0820904
0.0422622
0.0565392
0.0435591
0.0516401
0.0428218
0.0752871
0.0426176
0.0759986
0.0424463
0.0728009
0.0423814
0.0769931
0.0424187
0.0657362
0.0424322
0.0820629
0.042608
0.0523675
0.0428958
0.0727279
0.043088
0.078773
0.0431627
0.0654152
0.0432587
0.0825043
0.0436136
0.055135
0.0443844
0.0655627
0.0444101
0.0829669
0.0447624
0.0622899
0.0451107
0.0755945
0.0454124
0.0811563
0.0456291
0.0701574
0.0456584
0.0871004
0.0460435
0.0555962
0.0459622
0.0795358
0.0466069
0.0769358
0.0464262
0.0823376
0.0463859
0.0669998
0.0461669
0.0853589
0.0462581
0.0559712
0.0459861
0.0790333
0.0461253
0.0745864
0.0456879
0.0831155
0.0454127
0.0580772
0.0460682
0.0610347
0.0455197
0.0738159
0.0447818
0.0809892
0.0443158
0.0596559
0.0444593
0.0698747
0.0436399
0.0820762
0.0432003
0.0497079
0.043378
0.0784225
0.0426079
0.0539239
0.04281
0.0635133
0.0418583
0.081962
0.0413844
0.0435983
0.0774483
0.0407406
0.0456003
0.0458092
0.0441817
0.061568
0.0398653
0.0787813
0.0394612
0.040085
0.0760807
0.0388834
0.0395652
0.0755559
0.0383296
0.0384966
0.0718492
0.0378243
0.0390862
0.0728685
0.0372969
0.0372955
0.069909
0.0368496
0.0373001
0.0717002
0.0364113
0.0357108
0.0650805
0.0359903
0.0391621
0.041482
0.0350346
0.065412
0.035649
0.0376515
0.050927
0.0348444
0.0653645
0.0351253
0.0345646
0.0660841
0.0349779
0.0337008
0.0614329
0.0348137
0.0365349
0.0448256
0.0343304
0.0483743
0.0343866
0.0620948
0.0350686
0.0352447
0.0600959
0.0350728
0.0390954
0.0336313
0.0616583
0.0358166
0.0374023
0.040953
0.0346168
0.0609068
0.0367318
0.0440918
0.0359108
0.0521803
0.0370129
0.0686438
0.0381192
0.0366867
0.0670042
0.038765
0.0393204
0.0658292
0.0392994
0.0455619
0.0387479
0.0652724
0.040272
0.054205
0.0402307
0.064862
0.0407506
0.0600443
0.0407286
0.0746258
0.0411082
0.0415162
0.0732144
0.0413464
0.043591
0.0689803
0.0414276
0.0564289
0.041591
0.0639262
0.0415515
0.0723879
0.0415783
0.0498821
0.0417526
0.0640953
0.041745
0.0746237
0.0417181
0.0491162
0.0419325
0.0681814
0.0418432
0.0682587
0.0417389
0.0684712
0.0416982
0.0669747
0.041671
0.0701506
0.0416842
0.0615992
0.04169
0.0733899
0.0417398
0.0527087
0.0425887
0.0511485
0.042286
0.0604325
0.0421615
0.0677524
0.0419301
0.0719208
0.0418275
0.0620977
0.0417842
0.0728465
0.0417906
0.0566257
0.0422914
0.0569269
0.0422992
0.059277
0.0421265
0.0644197
0.0419253
0.0749771
0.0421228
0.0551844
0.0437818
0.0481926
0.0477751
0.0796714
0.0854405
0.0549335
0.0757287
0.0897675
0.0940424
0.049092
0.0714231
0.0919239
0.0678801
0.0963902
0.0482166
0.0971546
0.0970274
0.0485635
0.075768
0.0977592
0.0468284
0.0833503
0.0984263
0.046995
0.0798361
0.0984914
0.0474193
0.0859598
0.0991035
0.0475309
0.0801351
0.0988082
0.0480338
0.0890027
0.0996417
0.048002
0.0796924
0.0989245
0.048869
0.0928064
0.099839
0.0483631
0.0786806
0.0989738
0.0497881
0.0973404
0.0997426
0.0487587
0.0775759
0.0989938
0.0505042
0.0997113
0.0999663
0.0489941
0.0766844
0.0990441
0.0513822
0.101903
0.100245
0.0492491
0.0748717
0.0992724
0.0546759
0.106462
0.0991981
0.0499645
0.072103
0.0996915
0.0611548
0.0966747
0.0567462
0.114194
0.100386
0.0507298
0.0645131
0.107551
0.0580823
0.0826036
0.100459
0.0520658
0.0929152
0.101688
0.0510055
0.0783081
0.0999094
0.0558275
0.103259
0.0988743
0.0513304
0.077664
0.0998976
0.0585892
0.103819
0.0899315
0.0538555
0.103933
0.101624
0.05198
0.0857274
0.100248
0.0545316
0.104698
0.101034
0.0524497
0.0913015
0.100285
0.0537678
0.0997638
0.10043
0.0529522
0.0943499
0.0998799
0.0534296
0.0967005
0.0996582
0.0531689
0.0950045
0.0992627
0.0532605
0.0951509
0.0989519
0.0531788
0.0944256
0.0986146
0.053181
0.0940742
0.0983061
0.0531563
0.0935774
0.0980037
0.0531591
0.0931764
0.0977182
0.0531662
0.0927718
0.0974434
0.0531901
0.0924127
0.0971802
0.0532254
0.0920775
0.0969255
0.0532757
0.0917761
0.0966774
0.0533398
0.0915024
0.0964332
0.0534191
0.0912575
0.0961902
0.0535141
0.0910388
0.0959451
0.0536258
0.0908456
0.0956944
0.0537555
0.0906769
0.0954337
0.0539046
0.0905322
0.0951581
0.0540748
0.090412
0.0948619
0.0542677
0.0903175
0.0945386
0.0544847
0.0902508
0.0941812
0.0547264
0.0902152
0.0937831
0.0549919
0.0902146
0.0933391
0.0552775
0.0902528
0.0928492
0.055575
0.0903311
0.0923229
0.0558698
0.0904456
0.0917857
0.0561407
0.0905821
0.0912787
0.0563661
0.0907149
0.0908439
0.056535
0.0908153
0.0904976
0.0566573
0.0908693
0.0902159
0.0567604
0.0908876
0.0899506
0.0568718
0.0908937
0.089662
0.0570056
0.0909052
0.089335
0.0571627
0.0909256
0.0889725
0.0573391
0.0909506
0.0885821
0.057532
0.0909752
0.088168
0.0577419
0.0909961
0.0877309
0.057971
0.0910116
0.0872693
0.0582227
0.09102
0.086781
0.0585009
0.0910194
0.0862639
0.05881
0.0910069
0.085716
0.0591547
0.0909791
0.0851361
0.0595404
0.0909317
0.084523
0.059973
0.0908599
0.0838769
0.0604593
0.090758
0.0831988
0.0610062
0.0906204
0.0824916
0.0616205
0.0904417
0.0817609
0.0623078
0.0902183
0.0810159
0.0630705
0.0899498
0.0802703
0.0639052
0.0896422
0.0795434
0.0647991
0.0893119
0.0788594
0.0657257
0.0889898
0.0782462
0.0666418
0.0887254
0.0777325
0.0674862
0.0885882
0.0773456
0.0681803
0.0886647
0.0771156
0.0686271
0.089052
0.0770938
0.0686989
0.0898488
0.0774007
0.0682073
0.091148
0.0783113
0.0668741
0.0930048
0.0803011
0.0644843
0.0952078
0.0835894
0.0615875
0.0967877
0.0869153
0.0597584
0.0972339
0.088602
0.059614
0.0977011
0.0887461
0.0604876
0.0983232
0.0879001
0.0621323
0.0986779
0.0860974
0.064893
0.0982944
0.0828851
0.0699279
0.0960278
0.0776877
0.0811121
0.0901544
0.0742255
0.0930049
0.0789123
0.0853669
0.087518
0.0780331
0.0914571
0.0796633
0.08904
0.0842366
0.0843633
0.0882049
0.0827153
0.0891519
0.0838802
0.0883137
0.0856199
0.0874056
0.0868599
0.0871052
0.0874392
0.0872354
0.087617
0.087433
0.0875799
0.0874789
0.0873338
0.0872478
0.0867911
0.0866149
0.0858337
0.0854366
0.0843397
0.0835899
0.0822125
0.0810369
0.0794237
0.0778531
0.0760401
0.0741795
0.0721978
0.0701534
0.0680473
0.0659041
0.063743
0.0615871
0.0594596
0.0573828
0.055376
0.0534546
0.0516294
0.0499061
0.048286
0.0467671
0.0453444
0.0440113
0.0427604
0.0415841
0.040475
0.0394264
0.0384321
0.0374868
0.0365858
0.0357253
0.0349018
0.0341124
0.0333545
0.032626
0.0319249
0.0312496
0.0305985
0.0299702
0.0293634
0.0287771
0.02821
0.0276613
0.02713
0.0266152
0.0261161
0.025632
0.025162
0.0247056
0.0242621
0.023831
0.0234116
0.0230034
0.022606
0.0222188
0.0218416
0.0214737
0.021115
0.020765
0.0204234
0.0200899
0.0197642
0.019446
0.0191351
0.0188313
0.0185342
0.0182438
0.0179598
0.017682
0.0174102
0.0171444
0.0168843
0.0166299
0.0163809
0.0161372
0.0158988
0.0156655
0.0154372
0.0152138
0.0149952
0.0147814
0.0145722
0.0143675
0.0141674
0.0139717
0.0137803
0.0135932
0.0134103
0.0132315
0.0130569
0.0128863
0.0127196
0.0125569
0.012398
0.012243
0.0120917
0.0119442
0.0118003
0.01166
0.0115233
0.01139
0.0112603
0.0111339
0.0110109
0.0108912
0.0107747
0.0106615
0.0105513
0.0104443
0.0103403
0.0102393
0.0101412
0.0100459
0.0099534
0.00986365
0.00977656
0.00969206
0.0096101
0.0095306
0.00945349
0.00937871
0.00930617
0.00923581
0.00916756
0.00910133
0.00903706
0.00897466
0.00891407
0.0088552
0.00879798
0.00874233
0.00868817
0.00863544
0.00858406
0.00853394
0.00848503
0.00843725
0.00839053
0.0083448
0.00829999
0.00825605
0.00821291
0.00817052
0.00812881
0.00808773
0.00804724
0.00800728
0.0079678
0.00792878
0.00789015
0.0078519
0.00781398
0.00777636
0.00773902
0.00770192
0.00766504
0.00762837
0.00759188
0.00755556
0.00751939
0.00748336
0.00744745
0.00741166
0.00737599
0.00734042
0.00730495
0.00726958
0.0072343
0.00719912
0.00716402
0.00712902
0.00709412
0.00705931
0.0070246
0.00698999
0.00695549
0.00692109
0.0068868
0.00685263
0.00681858
0.00678465
0.00675085
0.00671718
0.00668365
0.00665026
0.00661702
0.00658392
0.00655097
0.00651819
0.00648556
0.0064531
0.0064208
0.00638868
0.00635674
0.00632497
0.00629338
0.00626198
0.00623076
0.00619973
0.00616889
0.00613825
0.0061078
0.00607755
0.0060475
0.00601765
0.005988
0.00595855
0.00592931
0.00590027
0.00587144
0.00584282
0.0058144
0.0057862
0.0057582
0.00573041
0.00570283
0.00567546
0.0056483
0.00562135
0.0055946
0.00556807
0.00554175
0.00551563
0.00548972
0.00546402
0.00543853
0.00541324
0.00538816
0.00536328
0.00533861
0.00531414
0.00528988
0.00526582
0.00524195
0.00521829
0.00519483
0.00517156
0.00514849
0.00512562
0.00510294
0.00508045
0.00505816
0.00503606
0.00501414
0.00499242
0.00497088
0.00494954
0.00492837
0.00490739
0.00488659
0.00486597
0.00484554
0.00482528
0.00480519
0.00478529
0.00476555
0.004746
0.00472661
0.00470739
0.00468834
0.00466946
0.00465074
0.00463219
0.0046138
0.00459558
0.00457751
0.0045596
0.00454185
0.00452426
0.00450682
0.00448953
0.0044724
0.00445541
0.00443857
0.00442188
0.00440534
0.00438894
0.00437268
0.00435657
0.00434059
0.00432475
0.00430905
0.00429348
0.00427805
0.00426275
0.00424758
0.00423253
0.00421762
0.00420283
0.00418817
0.00417363
0.00415921
0.00414491
0.00413072
0.00411666
0.00410271
0.00408887
0.00407515
0.00406153
0.00404802
0.00403462
0.00402133
0.00400814
0.00399505
0.00398207
0.00396918
0.00395639
0.00394369
0.00393109
0.00391858
0.00390616
0.00389383
0.00388159
0.00386943
0.00385735
0.00384536
0.00383345
0.00382162
0.00380986
0.00379818
0.00378658
0.00377504
0.00376357
0.00375218
0.00374084
0.00372958
0.00371837
0.00370723
0.00369615
0.00368512
0.00367415
0.00366323
0.00365237
0.00364155
0.00363079
0.00362007
0.00360939
0.00359876
0.00358817
0.00357762
0.00356711
0.00355663
0.00354619
0.00353578
0.0035254
0.00351505
0.00350473
0.00349443
0.00348416
0.0034739
0.00346367
0.00345346
0.00344327
0.00343309
0.00342292
0.00341277
0.00340263
0.00339249
0.00338237
0.00337225
0.00336214
0.00335203
0.00334192
0.00333182
0.00332171
0.0033116
0.00330149
0.00329138
0.00328126
0.00327114
0.003261
0.00325087
0.00324072
0.00323056
0.00322039
0.00321022
0.00320003
0.00318982
0.00317961
0.00316938
0.00315914
0.00314888
0.00313861
0.00312833
0.00311803
0.00310771
0.00309738
0.00308704
0.00307668
0.0030663
0.00305591
0.00304551
0.00303509
0.00302466
0.00301422
0.00300376
0.00299329
0.00298281
0.00297232
0.00296182
0.00295131
0.00294079
0.00293027
0.00291974
0.0029092
0.00289866
0.00288811
0.00287756
0.00286701
0.00285647
0.00284592
0.00283537
0.00282483
0.00281429
0.00280376
0.00279324
0.00278272
0.00277222
0.00276172
0.00275124
0.00274078
0.00273033
0.00271989
0.00270948
0.00269908
0.00268871
0.00267835
0.00266803
0.00265772
0.00264744
0.00263719
0.00262697
0.00261678
0.00260662
0.0025965
0.0025864
0.00257635
0.00256632
0.00255634
0.00254639
0.00253649
0.00252662
0.0025168
0.00250702
0.00249728
0.00248758
0.00247793
0.00246833
0.00245877
0.00244926
0.0024398
0.00243039
0.00242103
0.00241172
0.00240246
0.00239325
0.00238409
0.00237499
0.00236594
0.00235694
0.002348
0.00233911
0.00233028
0.0023215
0.00231277
0.0023041
0.00229549
0.00228693
0.00227843
0.00226999
0.0022616
0.00225327
0.00224499
0.00223677
0.00222861
0.0022205
0.00221245
0.00220446
0.00219652
0.00218864
0.00218082
0.00217305
0.00216534
0.00215768
0.00215008
0.00214253
0.00213504
0.0021276
0.00212022
0.00211289
0.00210561
0.00209839
0.00209122
0.0020841
0.00207704
0.00207003
0.00206307
0.00205616
0.0020493
0.00204249
0.00203573
0.00202902
0.00202237
0.00201575
0.00200919
0.00200268
0.00199621
0.00198979
0.00198341
0.00197708
0.0019708
0.00196456
0.00195837
0.00195222
0.00194611
0.00194005
0.00193403
0.00192805
0.00192211
0.00191621
0.00191035
0.00190454
0.00189876
0.00189302
0.00188732
0.00188166
0.00187603
0.00187045
0.0018649
0.00185938
0.0018539
0.00184846
0.00184305
0.00183767
0.00183233
0.00182702
0.00182175
0.0018165
0.00181129
0.00180611
0.00180096
0.00179584
0.00179076
0.0017857
0.00178067
0.00177567
0.0017707
0.00176575
0.00176084
0.00175595
0.00175109
0.00174625
0.00174144
0.00173666
0.0017319
0.00172717
0.00172246
0.00171778
0.00171312
0.00170848
0.00170387
0.00169928
0.00169471
0.00169017
0.00168565
0.00168115
0.00167667
0.00167221
0.00166778
0.00166336
0.00165897
0.00165459
0.00165024
0.0016459
0.00164159
0.00163729
0.00163302
0.00162876
0.00162452
0.0016203
0.00161609
0.00161191
0.00160774
0.00160359
0.00159946
0.00159534
0.00159124
0.00158716
0.00158309
0.00157904
0.00157501
0.00157099
0.00156699
0.001563
0.00155903
0.00155507
0.00155113
0.00154721
0.0015433
0.0015394
0.00153552
0.00153165
0.0015278
0.00152396
0.00152014
0.00151633
0.00151253
0.00150875
0.00150498
0.00150123
0.00149749
