3394.42
3767.67
3582.51
2665.5
2706
4184
3868
3139.5
3518.5
3239
5441.5
1766.5
4510
3115
3713.5
3683.5
2792
3014.5
7975
3642.5
4190.5
3542.5
3195.5
3133.5
2550
3008.5
3617.5
2165.5
3455
4672.5
1670
2531.5
1965.5
2115.5
4681.5
1281.5
2843.5
4527.5
4501
4927
3696.5
2889.5
2163.5
2649
4019.5
5173
3650.5
3524
2798.5
2539
2696.5
4086.5
3144
2175.5
4155.5
3721
2387.5
2889.5
6941
5647.5
3923.5
3715.5
2204
4953
4003.5
4178.5
3975
1717.5
4754
3932
1130.5
3039.5
2491
3332
3594
3677.5
3635.5
2152
5552.5
4765
3671.5
4983.5
5077
5129
4704.5
3479
4376.5
2588.5
2352
3901
3996.5
2713
3438
2930
5593.5
5522
1873.5
1844
6540.5
3288
4345
2862
3158
2603
3712
1859.5
5474.5
3965.5
1253
3185
5364
2891.5
978.5
2720.5
2818.5
1791.5
3723
2299.5
4755
4459
3308
4442
3676
2690.5
4629
4639.5
3437.5
4623
2706.5
4486.5
2009.5
1881.5
5073.5
3640.5
2065
3380
4275.5
4534
5144
3834.5
3417
1958
4550
3379.5
3088.5
2555
4723.5
3333
3617.5
3624.5
4767
4786.5
3498
1749.5
2543.5
2210
3313
4164.5
4347.5
2049
2836.5
2373.5
2945
4311.5
2187
1475
3883.5
2399
4998.5
3035
5292.5
2048.5
3803
3912.5
7218
3902
4809.5
2492.5
3859
5622.5
3621
1650.5
3222.5
3728.5
5032.5
3872.5
2371.5
2664
3033
3481.5
2965
1387
1664
3565.5
3067
3530
5212
3214.5
4061.5
3972
3918
5970
1519
3915.5
2939
3909.5
4721.5
1401.5
2079.5
3954
3882
4747
2443
2265
2265
2717.5
4565.5
1162.5
6170
2189.5
2017.5
1892.5
3105.5
6055
3351
2643.5
3213.5
2829.5
2829
5553.5
2490.5
1976
2888
4926.5
694
2830
3020
3909.5
3783.5
4472
2856.5
4268
3787
1809.5
4001
1583
3560.5
5735.5
3805
4159.5
2787
1026.5
2148
3156
2331
3791
4651
3857
4097.5
2961
5746.5
4359
2851.5
4521.5
5079.5
3732
1185
2841
6623
3490
4948.5
2450
2427
2549.5
2793.5
5343.5
2942
6052
2730.5
2747
2509
1876.5
2629.5
2456
3931.5
3173
1330
2307.5
3050.5
3042.5
4511.5
2155
3707.5
3497.5
6256
3403.5
4699
4165
2907
4724
3189.5
4090
4497.5
4136.5
5741.5
3410
4808
2111
3330.5
3160.5
2253.5
703.5
2470
2125
1407.5
1640.5
2319.5
1920
1888
2642.5
2512
3944.5
2855.5
2932.5
6337
1916
4113
4205
2069.5
3178
2983.5
1820.5
2198.5
4862
4432.5
3915
2935.5
3644.5
3390
2791
4003.5
1393
3288
3815.5
2496.5
4499
3674
5167.5
3394
4109
4765
6227
3088
4695.5
3745
2933.5
3501.5
1502.5
3229
5793.5
3206.5
1375.5
1453
2677.5
3227.5
3046
1863.5
4181.5
5182
4414
2873.5
4088.5
2703.5
906.5
5330.5
4081.5
3229
4462
3701.5
5522.5
5860
2385.5
3931.5
4164.5
2032.5
5552.5
3267.5
3789
2696
3496
2269.5
920
4044.5
4590
6722
4877.5
2240
3754
1979
2159.5
2124
3086.5
598
1083.5
4677.5
4512.5
1571.5
4399
2095.5
3334.5
4894
3349.5
4001.5
3884
2543
5019.5
6141.5
3990
3391
1300
3365
3318
4510
4349
3212
4703
4720.5
2737
3402.5
875.5
3367.5
2935
5158
1413.5
4308
5694.5
5321.5
3683
3175
5662.5
2574.5
3719.5
4955.5
3207
5522
2959.5
4861
4573
1899.5
3672.5
1860.5
3995
4332.5
3252
2096.5
2637.5
1456.5
3323
1586
2274.5
3638.5
2652.5
2330
3038.5
2503
5631.5
2446
1944.5
2928.5
3023.5
3325
5005.5
2886
3660
4174.5
2609.5
3583.5
2735
4125
2281
4715.5
3581
3391
3346
6851
5136.5
2570.5
2813.5
810.5
4161.5
1456
2885
4133
2767
3765.5
5242
2044.5
5845.5
1352.5
3619
5521
3173
3404.5
2552.5
2766
3411
3609
3604.5
3398
4842.5
4583.5
3377
2932.5
2893
4145.5
4174.5
4572.5
1385
3592.5
4092
3497.5
2238
4697.5
3679
4198
5086.5
5281
4267
2561
2602
6163
2462
2003
2430
1151
2291
4206.5
2671.5
1468
4286
5124.5
6279.5
1903.5
5418.5
3856.5
2207
3595
3775.5
3772.5
4010
1754
3740
2513.5
4555.5
3232
2634
3193.5
1631.5
3807
1831
4345.5
2267.5
3954.5
2829.5
3117.5
3257
3256
4652
2226.5
2636
1297
3577.5
1945
5401.5
2366
3535
3689
5295.5
4142.5
3187.5
3143
1942
3720.5
4477
4918.5
4500
2762.5
1933.5
2630.5
1864
4873.5
4524
4042
5035.5
2722
1919
2465
3338
5741.5
5585
3531.5
4628
3930
3609
2932
4308.5
2914.5
4301
1007
4497.5
3607
2706.5
2469.5
3342
1299
3342
5721.5
3508
1822
4985
3755.5
3937.5
2123
3620
3586.5
3947.5
3120.5
3452
1984.5
1779.5
1702.5
5555.5
3293.5
3224.5
3671.5
3195.5
4071.5
3939.5
5189.5
2981.5
5593.5
2611.5
2854.5
4815.5
2522.5
3127.5
2839
2110
2041.5
1734.5
2419
3472
4611.5
2141.5
4030
2132
3008
4870.5
2575.5
4483
3985
2809.5
1759
3176
4452
1920
2715.5
3978.5
2840
1222
1254.5
4998
4890.5
5783
3749
1883.5
3222
3336
4870
2452
3266
2262
2599
2403.5
4085.5
1989
5552.5
3257
3912
1545.5
2321.5
1158.5
5303.5
3325.5
3503.5
6128.5
4216
4526
3639.5
2138.5
3109
3955.5
4369.5
1201
4029
4602
3716
4761
3722
1792.5
2839
2908
3415.5
4107.5
1767
2404
1887
3367.5
4542
3218
3657
3328
3543.5
3871.5
2205.5
5196
4092
2345
4778
2806
5160.5
4055.5
1272
1619
4496.5
3105
4553.5
2875
4301.5
4378
5002
2377
3207.5
3458
5028.5
4332
1249.5
5464.5
5401.5
4397.5
2680.5
2565.5
1638
5242.5
1240
4594
2609.5
3261.5
2438
6301.5
1562
3291.5
2578.5
3544
2045.5
3762.5
4179.5
4956
3006.5
3990
2474
3691.5
3388.5
4911.5
2897
1501.5
1579.5
5285.5
3765
1923.5
3241.5
5422
3411
3242
4152
3631.5
3015.5
4311
3913
2149.5
1816.5
2031.5
4031
3564.5
3845.5
2330
3001
2297.5
1148
4252
3687
3342
5635.5
3877.5
2897.5
2965.5
2579.5
1053.5
2788.5
3469
3806.5
2168.5
4928
6289.5
1095
2690.5
4896.5
5091.5
3787
3836
3553
6153
2411.5
2234.5
4144
2249
1416.5
3273.5
3736.5
3886
4395.5
5737.5
2162.5
1989.5
3555
1766
3839
4204
2018
2682.5
1997.5
3655.5
2509.5
4618.5
2215
2838.5
3195.5
3411
3427
3160
3378
3223.5
2015
1991
1532
3638
2550.5
2558
683
2865.5
3086
2260.5
2480.5
3347
3048.5
1397.5
2424
3661.5
3345
2402
2211.5
4528
3023
5288
2766
4259.5
2687
2366
1668
3350
3445
1900.5
4049.5
3427
3729.5
2926
4303
4545.5
3238.5
5505
1978.5
4167
2250.5
3580
3807.5
6803.5
6249.5
4834
5458
4937.5
3044.5
4943
5567.5
4133.5
4760.5
3598
4980
4173
3592.5
3602.5
4309.5
3134
6120
4401.5
3486
5258.5
4019.5
3168.5
3393
3613
3856
3935
3738
5482.5
2187.5
5404.5
2734
2822.5
3973.5
3165.5
4117
2232.5
4453.5
2684.5
4028
3817.5
3702.5
1715.5
1933.5
3895.5
4346
4579
2784.5
1826.5
4985.5
2144
4335.5
3148
3226
3251
2779.5
3896
1912
4252
2092
2470
2871.5
4633.5
4573.5
2211
3378.5
3352
2676.5
4745.5
5061
3880
3342.5
5875.5
2297.5
4992.5
3645.5
1902.5
5367.5
1847.5
3228
6348.5
3169
2410.5
4263.5
3973.5
5927
2289.5
3485.5
3580
3407
4834
3435.5
1880.5
1338
1967.5
2487.5
2215.5
3369.5
1529
2764
2492.5
1708.5
3322.5
1943
2428
1815.5
4768.5
895
2151.5
2445.5
3000
3957.5
4007
3182
4690.5
2000.5
3693
2836.5
3645.5
2116.5
3911.5
3875
5228
3203
2639
2427
3409
4623.5
5882
2959.5
3964
1802.5
4738
5087.5
4112
3017
4426.5
3619.5
5587.5
3698.5
3277
2165.5
4709.5
3745.5
4262.5
4023.5
4470.5
2196
3976.5
2743
4059.5
2629.5
1870
2862
4833.5
1007.5
3045.5
2655.5
4404.5
4007
1885.5
1799
4896
3710.5
3750.5
2369.5
1072.5
5224
4630
3146
2281
4237.5
3639
5821
2019.5
3176
5818
3507.5
4337.5
3795
2943.5
4657.5
4186
3847
3530
3750
2274.5
4751
4260
1295.5
2567
4109
3709.5
4066
3776
3743
3822.5
3122
4475
1413.5
4939.5
3049.5
5577.5
2558.5
3328.5
2762.5
4968.5
1839
4108
1443.5
1270
2291
3369
4102
2573.5
3914
2959
2311
2579.5
2421
4268.5
6006
3470.5
2822
4974.5
3256
4895
3246
4021.5
1586
2243.5
3362.5
3691.5
2040
5521.5
8837.5
2580
3829
6136.5
4225.5
2282
4346
3156
2339.5
3107
2337.5
3490.5
2262.5
4799.5
4742.5
4420
2684.5
1888
2550.5
3865
4162.5
4963.5
4087
2403
4377
1881.5
3784
3016
4732
3805.5
2993.5
4108
3967.5
5639.5
2519
5800.5
1747.5
4257
2919
3452.5
3232
4823.5
1349.5
3337.5
2292.5
3535
3241.5
5490
4303.5
3520
4901
3607
1836
4972
3330
2465
2550.5
2608.5
4088
3585
2267
3265.5
3321.5
3967.5
1951.5
2123.5
5628.5
4912.5
4567
4375.5
2365
3555
6236
2429.5
2983
3310.5
3675
4575
5543
3852
5655
3433
4621.5
4640
2691
2521.5
4820
3790
3733
1994
1958
3727
3441.5
2308
3487.5
693.5
4155.5
685
1961
2524
4401.5
3402.5
3063.5
3917.5
1777.5
1288.5
3222
4138
4377.5
1701
3681.5
2384.5
1916.5
4064
4072.5
4331
6396
5230.5
4264
2737
4895
3920
2968
2562
1087
5715.5
2111
3179.5
1435
4112
4298
2106.5
