topology: 2 4 4 6
eta: 0.8
momentum: 0.45
transfer_function: th
in: 753.0 1144454400000.0
out: 02.0 07.0 22.0 35.0 43.0 59.0
in: 1629.0 1408752000000.0
out: 04.0 20.0 24.0 35.0 47.0 59.0
in: 1516.0 1375228800000.0
out: 04.0 18.0 20.0 34.0 45.0 60.0
in: 1020.0 1226102400000.0
out: 01.0 02.0 19.0 32.0 39.0 52.0
in: 795.0 1157155200000.0
out: 14.0 21.0 26.0 29.0 36.0 48.0
in: 1978.0 1508198400000.0
out: 02.0 06.0 22.0 44.0 55.0 57.0
in: 1266.0 1300233600000.0
out: 06.0 10.0 33.0 39.0 42.0 60.0
in: 1010.0 1223078400000.0
out: 02.0 03.0 13.0 37.0 46.0 54.0
in: 208.0 951523200000.0
out: 15.0 23.0 24.0 25.0 47.0 57.0
in: 1147.0 1264204800000.0
out: 06.0 23.0 31.0 33.0 39.0 52.0
in: 15.0 834969600000.0
out: 12.0 33.0 35.0 51.0 52.0 60.0
in: 92.0 881452800000.0
out: 01.0 03.0 05.0 23.0 24.0 51.0
in: 231.0 965433600000.0
out: 16.0 27.0 36.0 42.0 44.0 59.0
in: 1490.0 1367452800000.0
out: 01.0 03.0 31.0 32.0 43.0 52.0
in: 1088.0 1246665600000.0
out: 06.0 24.0 31.0 35.0 42.0 57.0
in: 483.0 1059177600000.0
out: 16.0 18.0 23.0 35.0 44.0 59.0
in: 415.0 1037750400000.0
out: 01.0 04.0 27.0 38.0 42.0 44.0
in: 467.0 1054339200000.0
out: 08.0 18.0 21.0 22.0 38.0 60.0
in: 956.0 1206748800000.0
out: 46.0 47.0 51.0 54.0 57.0 59.0
in: 2066.0 1533686400000.0
out: 06.0 25.0 27.0 35.0 45.0 55.0
in: 217.0 956966400000.0
out: 03.0 27.0 32.0 45.0 49.0 51.0
in: 793.0 1156550400000.0
out: 03.0 15.0 16.0 33.0 51.0 57.0
in: 1024.0 1227312000000.0
out: 18.0 22.0 28.0 29.0 39.0 53.0
in: 932.0 1199491200000.0
out: 02.0 17.0 21.0 36.0 42.0 53.0
in: 1083.0 1245196800000.0
out: 10.0 20.0 23.0 28.0 42.0 43.0
in: 1703.0 1431129600000.0
out: 03.0 23.0 26.0 35.0 39.0 49.0
in: 72.0 869356800000.0
out: 01.0 19.0 34.0 43.0 44.0 48.0
in: 2094.0 1541203200000.0
out: 04.0 16.0 19.0 31.0 33.0 44.0
in: 75.0 871171200000.0
out: 21.0 24.0 35.0 36.0 37.0 49.0
in: 64.0 864518400000.0
out: 08.0 12.0 23.0 50.0 54.0 60.0
in: 1699.0 1430265600000.0
out: 01.0 06.0 10.0 30.0 33.0 38.0
in: 1466.0 1360108800000.0
out: 04.0 06.0 13.0 34.0 37.0 51.0
in: 519.0 1070409600000.0
out: 09.0 15.0 19.0 22.0 36.0 42.0
in: 1576.0 1393027200000.0
out: 13.0 15.0 21.0 26.0 30.0 46.0
in: 1441.0 1352505600000.0
out: 17.0 29.0 36.0 38.0 53.0 56.0
in: 2076.0 1536364800000.0
out: 05.0 06.0 12.0 15.0 22.0 43.0
in: 1901.0 1486512000000.0
out: 11.0 12.0 26.0 30.0 37.0 53.0
in: 1400.0 1340409600000.0
out: 09.0 26.0 34.0 43.0 53.0 54.0
in: 812.0 1162339200000.0
out: 11.0 13.0 38.0 39.0 54.0 57.0
in: 121.0 898905600000.0
out: 02.0 29.0 41.0 44.0 53.0 55.0
in: 2093.0 1540944000000.0
out: 08.0 14.0 27.0 34.0 52.0 54.0
in: 1335.0 1320796800000.0
out: 03.0 14.0 20.0 22.0 49.0 51.0
in: 1776.0 1451692800000.0
out: 10.0 11.0 14.0 19.0 39.0 48.0
in: 1218.0 1285718400000.0
out: 10.0 23.0 29.0 31.0 33.0 46.0
in: 300.0 1001721600000.0
out: 24.0 27.0 28.0 38.0 41.0 57.0
in: 869.0 1179878400000.0
out: 27.0 29.0 42.0 49.0 50.0 51.0
in: 143.0 912211200000.0
out: 06.0 18.0 20.0 40.0 50.0 53.0
in: 2074.0 1535760000000.0
out: 08.0 18.0 23.0 37.0 42.0 58.0
in: 1666.0 1420243200000.0
out: 01.0 02.0 23.0 27.0 45.0 51.0
in: 1070.0 1241222400000.0
out: 05.0 08.0 16.0 23.0 41.0 53.0
in: 1039.0 1231891200000.0
out: 02.0 20.0 24.0 27.0 36.0 52.0
in: 272.0 990230400000.0
out: 09.0 10.0 24.0 36.0 56.0 58.0
in: 982.0 1214611200000.0
out: 08.0 12.0 24.0 40.0 43.0 49.0
in: 2029.0 1523059200000.0
out: 06.0 15.0 18.0 33.0 37.0 40.0
in: 1264.0 1299628800000.0
out: 04.0 17.0 36.0 37.0 51.0 56.0
in: 490.0 1061337600000.0
out: 05.0 11.0 23.0 29.0 54.0 58.0
in: 1615.0 1404864000000.0
out: 05.0 20.0 26.0 31.0 33.0 44.0
in: 10.0 831945600000.0
out: 04.0 18.0 21.0 25.0 38.0 57.0
in: 1623.0 1407196800000.0
out: 33.0 43.0 49.0 50.0 56.0 59.0
in: 1513.0 1374278400000.0
out: 17.0 28.0 31.0 56.0 57.0 58.0
in: 1810.0 1461110400000.0
out: 01.0 10.0 25.0 43.0 50.0 56.0
in: 624.0 1103068800000.0
out: 08.0 23.0 34.0 39.0 43.0 52.0
in: 716.0 1132704000000.0
out: 02.0 07.0 16.0 29.0 32.0 50.0
in: 538.0 1076716800000.0
out: 03.0 25.0 43.0 45.0 52.0 56.0
in: 1606.0 1402099200000.0
out: 01.0 15.0 37.0 42.0 46.0 54.0
in: 875.0 1181692800000.0
out: 18.0 20.0 24.0 36.0 53.0 58.0
in: 70.0 868147200000.0
out: 17.0 23.0 27.0 40.0 43.0 58.0
in: 17.0 836179200000.0
out: 06.0 10.0 13.0 19.0 20.0 51.0
in: 1198.0 1279670400000.0
out: 22.0 29.0 36.0 41.0 48.0 58.0
in: 662.0 1115424000000.0
out: 04.0 18.0 23.0 25.0 56.0 60.0
in: 996.0 1218844800000.0
out: 07.0 15.0 20.0 21.0 23.0 29.0
in: 200.0 946598400000.0
out: 12.0 15.0 19.0 34.0 44.0 51.0
in: 785.0 1154131200000.0
out: 05.0 08.0 17.0 35.0 37.0 48.0
in: 555.0 1082160000000.0
out: 05.0 23.0 31.0 33.0 45.0 49.0
in: 501.0 1064966400000.0
out: 16.0 27.0 28.0 34.0 39.0 56.0
in: 1450.0 1355270400000.0
out: 26.0 27.0 31.0 38.0 44.0 45.0
in: 1728.0 1438387200000.0
out: 03.0 08.0 28.0 39.0 42.0 59.0
in: 1977.0 1507939200000.0
out: 03.0 16.0 28.0 32.0 34.0 37.0
in: 2025.0 1521849600000.0
out: 04.0 24.0 46.0 52.0 55.0 56.0
in: 1642.0 1412726400000.0
out: 03.0 23.0 42.0 43.0 47.0 60.0
in: 1211.0 1283558400000.0
out: 03.0 15.0 31.0 36.0 48.0 54.0
in: 1106.0 1252108800000.0
out: 04.0 15.0 43.0 47.0 50.0 60.0
in: 1788.0 1454716800000.0
out: 03.0 13.0 42.0 45.0 56.0 59.0
in: 237.0 969062400000.0
out: 07.0 31.0 36.0 45.0 56.0 57.0
in: 1946.0 1499299200000.0
out: 04.0 06.0 39.0 44.0 52.0 60.0
in: 1453.0 1355961600000.0
out: 06.0 13.0 25.0 32.0 47.0 57.0
in: 829.0 1167523200000.0
out: 10.0 14.0 32.0 47.0 50.0 56.0
in: 1942.0 1498262400000.0
out: 06.0 18.0 20.0 24.0 43.0 48.0
in: 1889.0 1482537600000.0
out: 16.0 23.0 25.0 28.0 30.0 44.0
in: 897.0 1188345600000.0
out: 07.0 21.0 22.0 43.0 46.0 57.0
in: 1069.0 1240963200000.0
out: 09.0 17.0 28.0 45.0 49.0 53.0
in: 826.0 1166486400000.0
out: 06.0 07.0 08.0 27.0 45.0 53.0
in: 1166.0 1269993600000.0
out: 22.0 28.0 30.0 31.0 35.0 54.0
in: 1869.0 1477094400000.0
out: 11.0 23.0 24.0 26.0 40.0 52.0
in: 1427.0 1348272000000.0
out: 08.0 39.0 44.0 47.0 53.0 56.0
in: 52.0 857260800000.0
out: 15.0 30.0 38.0 46.0 58.0 59.0
in: 1059.0 1237939200000.0
out: 01.0 12.0 14.0 16.0 37.0 45.0
in: 1392.0 1337990400000.0
out: 02.0 08.0 12.0 28.0 33.0 43.0
in: 1507.0 1372464000000.0
out: 24.0 46.0 50.0 51.0 52.0 56.0
in: 1682.0 1425081600000.0
out: 07.0 13.0 35.0 37.0 39.0 51.0
in: 819.0 1164412800000.0
out: 05.0 19.0 25.0 46.0 51.0 58.0
in: 959.0 1207699200000.0
out: 03.0 05.0 11.0 33.0 39.0 57.0
in: 635.0 1106956800000.0
out: 08.0 20.0 26.0 37.0 42.0 49.0
in: 1217.0 1285372800000.0
out: 05.0 11.0 15.0 28.0 43.0 50.0
in: 870.0 1180137600000.0
out: 08.0 21.0 34.0 40.0 43.0 52.0
in: 824.0 1165968000000.0
out: 06.0 07.0 09.0 20.0 33.0 48.0
in: 383.0 1028073600000.0
out: 14.0 22.0 48.0 50.0 53.0 56.0
in: 1348.0 1324512000000.0
out: 07.0 12.0 38.0 39.0 45.0 56.0
in: 1013.0 1224028800000.0
out: 07.0 09.0 12.0 19.0 20.0 41.0
in: 1370.0 1331337600000.0
out: 02.0 04.0 05.0 27.0 49.0 59.0
in: 523.0 1071619200000.0
out: 28.0 39.0 40.0 44.0 45.0 58.0
in: 409.0 1035936000000.0
out: 18.0 25.0 26.0 31.0 34.0 49.0
in: 1983.0 1509494400000.0
out: 05.0 06.0 10.0 14.0 22.0 36.0
in: 560.0 1083715200000.0
out: 02.0 11.0 18.0 30.0 32.0 58.0
in: 347.0 1016841600000.0
out: 01.0 10.0 12.0 26.0 48.0 52.0
in: 339.0 1014422400000.0
out: 05.0 12.0 13.0 16.0 27.0 50.0
in: 309.0 1004486400000.0
out: 04.0 11.0 25.0 39.0 50.0 55.0
in: 1800.0 1458086400000.0
out: 06.0 11.0 16.0 19.0 31.0 56.0
in: 1650.0 1415145600000.0
out: 17.0 23.0 29.0 38.0 57.0 60.0
in: 622.0 1102464000000.0
out: 19.0 27.0 29.0 38.0 50.0 59.0
in: 332.0 1012003200000.0
out: 23.0 28.0 29.0 34.0 42.0 44.0
in: 50.0 856051200000.0
out: 06.0 16.0 21.0 44.0 57.0 58.0
in: 354.0 1019001600000.0
out: 07.0 16.0 38.0 40.0 41.0 52.0
in: 1090.0 1247270400000.0
out: 09.0 20.0 24.0 36.0 40.0 42.0
in: 2095.0 1541548800000.0
out: 16.0 29.0 35.0 43.0 49.0 56.0
in: 163.0 924307200000.0
out: 08.0 27.0 36.0 41.0 53.0 56.0
in: 2015.0 1518825600000.0
out: 17.0 18.0 27.0 32.0 39.0 58.0
in: 689.0 1123632000000.0
out: 06.0 07.0 31.0 49.0 51.0 60.0
in: 1683.0 1425427200000.0
out: 04.0 12.0 32.0 33.0 34.0 48.0
in: 1524.0 1377302400000.0
out: 02.0 12.0 40.0 46.0 52.0 53.0
in: 1743.0 1442620800000.0
out: 04.0 10.0 29.0 31.0 34.0 35.0
in: 1175.0 1272585600000.0
out: 02.0 03.0 12.0 16.0 37.0 47.0
in: 1179.0 1273881600000.0
out: 05.0 22.0 28.0 47.0 59.0 60.0
in: 1688.0 1426896000000.0
out: 18.0 23.0 30.0 32.0 42.0 56.0
in: 1405.0 1341964800000.0
out: 03.0 14.0 17.0 32.0 37.0 39.0
in: 1922.0 1492560000000.0
out: 20.0 22.0 36.0 38.0 41.0 43.0
in: 859.0 1176854400000.0
out: 09.0 12.0 34.0 46.0 47.0 57.0
in: 1777.0 1452038400000.0
out: 04.0 19.0 38.0 44.0 52.0 55.0
in: 146.0 914025600000.0
out: 25.0 32.0 34.0 42.0 51.0 60.0
in: 1533.0 1380067200000.0
out: 13.0 21.0 29.0 34.0 47.0 57.0
in: 1748.0 1444176000000.0
out: 02.0 10.0 13.0 41.0 49.0 53.0
in: 1079.0 1243987200000.0
out: 05.0 12.0 24.0 28.0 36.0 37.0
in: 1470.0 1361318400000.0
out: 02.0 34.0 36.0 38.0 51.0 55.0
in: 991.0 1217376000000.0
out: 08.0 09.0 15.0 38.0 41.0 60.0
in: 1891.0 1483488000000.0
out: 01.0 03.0 19.0 23.0 47.0 58.0
in: 427.0 1041984000000.0
out: 03.0 13.0 14.0 24.0 43.0 51.0
in: 1143.0 1262995200000.0
out: 03.0 30.0 35.0 44.0 47.0 60.0
in: 669.0 1117584000000.0
out: 07.0 24.0 27.0 40.0 41.0 49.0
in: 1767.0 1449273600000.0
out: 16.0 26.0 35.0 39.0 44.0 45.0
in: 788.0 1155081600000.0
out: 17.0 19.0 29.0 31.0 44.0 57.0
in: 1500.0 1370390400000.0
out: 10.0 18.0 31.0 43.0 57.0 59.0
in: 776.0 1151452800000.0
out: 03.0 15.0 35.0 41.0 57.0 60.0
in: 449.0 1048896000000.0
out: 01.0 08.0 24.0 34.0 49.0 56.0
in: 198.0 945475200000.0
out: 01.0 08.0 18.0 23.0 35.0 40.0
in: 971.0 1211328000000.0
out: 04.0 11.0 14.0 33.0 44.0 45.0
in: 887.0 1185321600000.0
out: 01.0 12.0 21.0 32.0 34.0 44.0
in: 685.0 1122422400000.0
out: 05.0 12.0 27.0 33.0 43.0 56.0
in: 71.0 868752000000.0
out: 16.0 27.0 33.0 43.0 45.0 53.0
in: 1745.0 1443225600000.0
out: 09.0 13.0 18.0 47.0 52.0 60.0
in: 1367.0 1330560000000.0
out: 02.0 07.0 13.0 29.0 38.0 43.0
in: 493.0 1062201600000.0
out: 03.0 18.0 20.0 24.0 42.0 54.0
in: 1049.0 1234915200000.0
out: 02.0 05.0 17.0 29.0 34.0 52.0
in: 2051.0 1529452800000.0
out: 01.0 05.0 06.0 37.0 44.0 53.0
in: 811.0 1161993600000.0
out: 10.0 28.0 32.0 41.0 47.0 57.0
in: 931.0 1199059200000.0
out: 07.0 17.0 19.0 34.0 36.0 39.0
in: 1116.0 1255132800000.0
out: 04.0 09.0 13.0 17.0 20.0 47.0
in: 1307.0 1312588800000.0
out: 07.0 10.0 32.0 43.0 47.0 54.0
in: 1768.0 1449619200000.0
out: 05.0 07.0 11.0 34.0 35.0 50.0
in: 799.0 1158364800000.0
out: 19.0 29.0 35.0 42.0 55.0 57.0
in: 1853.0 1472860800000.0
out: 01.0 02.0 34.0 39.0 41.0 45.0
in: 1421.0 1346457600000.0
out: 19.0 31.0 39.0 44.0 53.0 59.0
in: 1771.0 1450483200000.0
out: 02.0 20.0 27.0 28.0 32.0 38.0
in: 711.0 1131148800000.0
out: 05.0 10.0 33.0 40.0 41.0 59.0
in: 1852.0 1472601600000.0
out: 13.0 17.0 29.0 45.0 49.0 50.0
in: 1479.0 1363996800000.0
out: 21.0 48.0 50.0 54.0 57.0 60.0
in: 598.0 1095206400000.0
out: 05.0 16.0 34.0 38.0 50.0 53.0
in: 1271.0 1301702400000.0
out: 01.0 02.0 39.0 48.0 52.0 59.0
in: 726.0 1136332800000.0
out: 01.0 05.0 07.0 37.0 40.0 47.0
in: 1876.0 1478908800000.0
out: 07.0 18.0 39.0 41.0 44.0 51.0
in: 1483.0 1365206400000.0
out: 01.0 35.0 39.0 53.0 55.0 56.0
in: 352.0 1018396800000.0
out: 07.0 20.0 25.0 44.0 47.0 49.0
in: 84.0 876614400000.0
out: 04.0 06.0 10.0 25.0 34.0 40.0
in: 1492.0 1367971200000.0
out: 04.0 09.0 18.0 44.0 46.0 48.0
in: 1525.0 1377648000000.0
out: 02.0 26.0 30.0 35.0 46.0 54.0
in: 1464.0 1359504000000.0
out: 02.0 24.0 32.0 50.0 54.0 59.0
in: 1570.0 1391212800000.0
out: 15.0 18.0 24.0 42.0 46.0 56.0
in: 1236.0 1291161600000.0
out: 03.0 08.0 17.0 20.0 38.0 53.0
in: 754.0 1144800000000.0
out: 03.0 04.0 13.0 34.0 42.0 50.0
in: 2085.0 1538784000000.0
out: 12.0 21.0 25.0 37.0 38.0 49.0
in: 1040.0 1232150400000.0
out: 01.0 06.0 28.0 39.0 44.0 55.0
in: 376.0 1025913600000.0
out: 10.0 13.0 25.0 35.0 43.0 48.0
in: 1551.0 1385510400000.0
out: 02.0 15.0 19.0 21.0 23.0 38.0
in: 1813.0 1461974400000.0
out: 09.0 11.0 13.0 15.0 19.0 51.0
in: 1915.0 1490400000000.0
out: 02.0 20.0 21.0 33.0 48.0 57.0
in: 762.0 1147219200000.0
out: 09.0 12.0 21.0 37.0 39.0 54.0
in: 634.0 1106697600000.0
out: 10.0 13.0 24.0 41.0 42.0 56.0
in: 651.0 1112140800000.0
out: 26.0 28.0 39.0 45.0 48.0 60.0
in: 922.0 1195862400000.0
out: 12.0 13.0 19.0 41.0 45.0 49.0
in: 848.0 1173484800000.0
out: 17.0 27.0 32.0 34.0 47.0 56.0
in: 2103.0 1543881600000.0
out: 03.0 13.0 40.0 44.0 46.0 50.0
in: 505.0 1066176000000.0
out: 03.0 20.0 28.0 46.0 47.0 52.0
in: 902.0 1189814400000.0
out: 18.0 23.0 50.0 52.0 55.0 58.0
in: 667.0 1116979200000.0
out: 01.0 04.0 05.0 16.0 23.0 49.0
in: 1315.0 1314748800000.0
out: 01.0 27.0 29.0 38.0 50.0 52.0
in: 1057.0 1237334400000.0
out: 02.0 03.0 04.0 15.0 49.0 59.0
in: 1618.0 1405728000000.0
out: 09.0 20.0 24.0 43.0 51.0 52.0
in: 202.0 947894400000.0
out: 12.0 24.0 44.0 45.0 49.0 53.0
in: 1184.0 1275436800000.0
out: 04.0 09.0 23.0 27.0 28.0 30.0
in: 1756.0 1446249600000.0
out: 06.0 13.0 14.0 28.0 35.0 45.0
in: 1632.0 1409702400000.0
out: 06.0 18.0 24.0 27.0 56.0 59.0
in: 1050.0 1235174400000.0
out: 14.0 24.0 26.0 33.0 45.0 60.0
in: 823.0 1165622400000.0
out: 01.0 15.0 26.0 51.0 54.0 59.0
in: 1100.0 1250294400000.0
out: 07.0 17.0 18.0 33.0 41.0 42.0
in: 1908.0 1488326400000.0
out: 04.0 10.0 13.0 23.0 27.0 57.0
in: 569.0 1086393600000.0
out: 03.0 09.0 14.0 15.0 32.0 57.0
in: 1412.0 1344038400000.0
out: 06.0 08.0 24.0 37.0 41.0 45.0
in: 1349.0 1324684800000.0
out: 09.0 19.0 20.0 50.0 51.0 60.0
in: 1927.0 1494028800000.0
out: 05.0 11.0 13.0 19.0 30.0 31.0
in: 1248.0 1294790400000.0
out: 20.0 33.0 34.0 57.0 58.0 60.0
in: 1910.0 1488931200000.0
out: 06.0 09.0 15.0 22.0 39.0 48.0
in: 747.0 1142640000000.0
out: 02.0 03.0 12.0 21.0 23.0 56.0
in: 2100.0 1543017600000.0
out: 01.0 10.0 11.0 13.0 35.0 49.0
in: 1185.0 1275696000000.0
out: 02.0 10.0 21.0 35.0 43.0 54.0
in: 541.0 1077926400000.0
out: 13.0 27.0 49.0 52.0 57.0 58.0
in: 583.0 1090627200000.0
out: 06.0 07.0 20.0 41.0 43.0 55.0
in: 1698.0 1429920000000.0
out: 11.0 13.0 24.0 28.0 44.0 45.0
in: 1287.0 1306540800000.0
out: 11.0 12.0 31.0 33.0 42.0 52.0
in: 820.0 1164758400000.0
out: 10.0 17.0 21.0 32.0 45.0 46.0
in: 1438.0 1351641600000.0
out: 07.0 14.0 31.0 33.0 36.0 49.0
in: 1018.0 1225497600000.0
out: 09.0 24.0 44.0 51.0 55.0 58.0
in: 238.0 969667200000.0
out: 09.0 13.0 15.0 37.0 41.0 42.0
in: 398.0 1032566400000.0
out: 07.0 16.0 22.0 28.0 36.0 37.0
in: 83.0 876009600000.0
out: 04.0 15.0 16.0 24.0 42.0 57.0
in: 1671.0 1421798400000.0
out: 21.0 27.0 31.0 45.0 55.0 56.0
in: 992.0 1217635200000.0
out: 01.0 04.0 06.0 08.0 25.0 28.0
in: 1961.0 1503446400000.0
out: 17.0 25.0 26.0 30.0 32.0 50.0
in: 1425.0 1347667200000.0
out: 07.0 16.0 29.0 36.0 38.0 50.0
in: 2082.0 1537920000000.0
out: 06.0 25.0 33.0 42.0 48.0 49.0
in: 1518.0 1375747200000.0
out: 08.0 09.0 28.0 41.0 48.0 55.0
in: 1299.0 1310169600000.0
out: 08.0 22.0 32.0 43.0 53.0 56.0
in: 1459.0 1357948800000.0
out: 02.0 06.0 30.0 34.0 35.0 52.0
in: 102.0 887500800000.0
out: 19.0 20.0 37.0 42.0 44.0 56.0
in: 1252.0 1296000000000.0
out: 02.0 14.0 35.0 39.0 49.0 51.0
in: 2023.0 1521244800000.0
out: 01.0 06.0 07.0 08.0 23.0 56.0
in: 629.0 1105142400000.0
out: 15.0 16.0 39.0 40.0 47.0 51.0
in: 366.0 1022889600000.0
out: 04.0 06.0 07.0 15.0 21.0 51.0
in: 448.0 1048636800000.0
out: 03.0 05.0 09.0 45.0 51.0 52.0
in: 1579.0 1393977600000.0
out: 25.0 34.0 40.0 49.0 51.0 60.0
in: 544.0 1078876800000.0
out: 11.0 17.0 33.0 34.0 47.0 56.0
in: 1686.0 1426291200000.0
out: 09.0 14.0 37.0 44.0 46.0 55.0
in: 1033.0 1230076800000.0
out: 05.0 06.0 17.0 33.0 39.0 54.0
in: 1154.0 1266364800000.0
out: 04.0 12.0 14.0 21.0 26.0 28.0
in: 706.0 1129334400000.0
out: 02.0 07.0 10.0 17.0 22.0 60.0
in: 112.0 893462400000.0
out: 12.0 20.0 34.0 37.0 42.0 43.0
in: 1583.0 1395187200000.0
out: 02.0 09.0 17.0 18.0 45.0 47.0
in: 855.0 1175644800000.0
out: 03.0 24.0 31.0 42.0 43.0 53.0
in: 489.0 1060992000000.0
out: 17.0 28.0 33.0 36.0 53.0 59.0
in: 1219.0 1285977600000.0
out: 02.0 33.0 34.0 37.0 41.0 53.0
in: 1821.0 1464134400000.0
out: 19.0 22.0 31.0 36.0 52.0 53.0
in: 1497.0 1369440000000.0
out: 04.0 05.0 07.0 27.0 45.0 58.0
in: 1491.0 1367625600000.0
out: 06.0 26.0 45.0 50.0 56.0 60.0
in: 180.0 934588800000.0
out: 06.0 23.0 29.0 39.0 51.0 60.0
in: 1142.0 1262736000000.0
out: 03.0 15.0 26.0 28.0 31.0 58.0
in: 365.0 1022630400000.0
out: 19.0 23.0 34.0 37.0 52.0 58.0
in: 1923.0 1492819200000.0
out: 09.0 34.0 42.0 45.0 46.0 59.0
in: 2021.0 1520640000000.0
out: 07.0 14.0 32.0 37.0 40.0 60.0
in: 1191.0 1277510400000.0
out: 03.0 11.0 16.0 22.0 25.0 33.0
in: 2005.0 1516147200000.0
out: 11.0 19.0 22.0 33.0 34.0 53.0
in: 148.0 915062400000.0
out: 32.0 35.0 41.0 55.0 58.0 59.0
in: 1609.0 1403049600000.0
out: 02.0 06.0 13.0 26.0 53.0 60.0
in: 384.0 1028332800000.0
out: 24.0 28.0 40.0 47.0 50.0 52.0
in: 1164.0 1269388800000.0
out: 06.0 14.0 17.0 26.0 40.0 49.0
in: 575.0 1088208000000.0
out: 05.0 18.0 21.0 29.0 35.0 48.0
in: 1011.0 1223424000000.0
out: 02.0 11.0 21.0 30.0 35.0 52.0
in: 1145.0 1263600000000.0
out: 03.0 16.0 19.0 24.0 33.0 60.0
in: 166.0 926121600000.0
out: 12.0 13.0 22.0 57.0 59.0 60.0
in: 937.0 1201046400000.0
out: 02.0 21.0 22.0 30.0 41.0 52.0
in: 262.0 984182400000.0
out: 11.0 20.0 48.0 53.0 58.0 60.0
in: 1644.0 1413331200000.0
out: 10.0 13.0 16.0 22.0 34.0 60.0
in: 1982.0 1509148800000.0
out: 04.0 14.0 20.0 24.0 46.0 50.0
in: 599.0 1095465600000.0
out: 04.0 06.0 09.0 23.0 45.0 51.0
in: 1281.0 1304726400000.0
out: 08.0 11.0 14.0 30.0 36.0 38.0
in: 546.0 1079481600000.0
out: 04.0 05.0 13.0 17.0 46.0 54.0
in: 974.0 1212192000000.0
out: 12.0 16.0 20.0 31.0 38.0 45.0
in: 741.0 1140825600000.0
out: 24.0 26.0 27.0 36.0 39.0 59.0
in: 975.0 1212537600000.0
out: 09.0 30.0 33.0 37.0 40.0 41.0
in: 264.0 985392000000.0
out: 01.0 05.0 13.0 25.0 31.0 33.0
in: 466.0 1054080000000.0
out: 11.0 16.0 28.0 29.0 30.0 45.0
in: 1772.0 1450742400000.0
out: 12.0 19.0 27.0 39.0 41.0 45.0
in: 433.0 1043798400000.0
out: 16.0 17.0 28.0 30.0 36.0 54.0
in: 660.0 1114819200000.0
out: 05.0 11.0 38.0 46.0 53.0 54.0
in: 616.0 1100649600000.0
out: 02.0 12.0 16.0 24.0 26.0 54.0
in: 1797.0 1457395200000.0
out: 02.0 13.0 14.0 35.0 54.0 57.0
in: 1357.0 1327449600000.0
out: 01.0 19.0 24.0 26.0 52.0 55.0
in: 1769.0 1449878400000.0
out: 32.0 37.0 44.0 47.0 54.0 60.0
in: 1985.0 1510012800000.0
out: 09.0 28.0 29.0 34.0 36.0 55.0
in: 1385.0 1335916800000.0
out: 27.0 35.0 36.0 37.0 42.0 59.0
in: 857.0 1176249600000.0
out: 02.0 03.0 17.0 49.0 50.0 59.0
in: 318.0 1007164800000.0
out: 03.0 19.0 20.0 31.0 40.0 53.0
in: 1715.0 1434758400000.0
out: 16.0 20.0 35.0 40.0 53.0 60.0
in: 497.0 1063411200000.0
out: 09.0 13.0 20.0 32.0 41.0 58.0
in: 1828.0 1465948800000.0
out: 06.0 11.0 32.0 40.0 48.0 59.0
in: 664.0 1116028800000.0
out: 01.0 12.0 36.0 38.0 55.0 59.0
in: 421.0 1039564800000.0
out: 05.0 35.0 37.0 38.0 45.0 51.0
in: 1762.0 1447804800000.0
out: 26.0 32.0 42.0 45.0 55.0 59.0
in: 2028.0 1522800000000.0
out: 07.0 11.0 24.0 36.0 42.0 58.0
in: 1327.0 1318464000000.0
out: 16.0 35.0 36.0 41.0 52.0 54.0
in: 615.0 1100304000000.0
out: 05.0 08.0 10.0 27.0 31.0 51.0
in: 1799.0 1457740800000.0
out: 01.0 03.0 04.0 39.0 51.0 53.0
in: 738.0 1139961600000.0
out: 14.0 15.0 26.0 30.0 42.0 54.0
in: 1493.0 1368230400000.0
out: 07.0 12.0 24.0 27.0 30.0 49.0
in: 1334.0 1320451200000.0
out: 01.0 06.0 08.0 10.0 25.0 27.0
in: 1257.0 1297468800000.0
out: 02.0 15.0 26.0 27.0 30.0 52.0
in: 717.0 1132963200000.0
out: 06.0 17.0 23.0 28.0 35.0 41.0
in: 731.0 1137801600000.0
out: 06.0 15.0 16.0 23.0 28.0 35.0
in: 284.0 996883200000.0
out: 07.0 08.0 14.0 30.0 32.0 36.0
in: 1034.0 1230336000000.0
out: 01.0 03.0 18.0 20.0 42.0 49.0
in: 1727.0 1438128000000.0
out: 04.0 06.0 19.0 20.0 40.0 41.0
in: 1420.0 1346198400000.0
out: 02.0 11.0 16.0 18.0 36.0 45.0
in: 1231.0 1289606400000.0
out: 05.0 20.0 23.0 27.0 39.0 49.0
in: 78.0 872985600000.0
out: 12.0 22.0 25.0 31.0 32.0 46.0
in: 206.0 950313600000.0
out: 18.0 20.0 26.0 34.0 51.0 56.0
in: 1066.0 1240012800000.0
out: 06.0 10.0 25.0 32.0 43.0 49.0
in: 107.0 890524800000.0
out: 02.0 04.0 16.0 24.0 51.0 52.0
in: 1905.0 1487635200000.0
out: 29.0 35.0 43.0 54.0 56.0 57.0
in: 1023.0 1227052800000.0
out: 02.0 07.0 08.0 18.0 40.0 45.0
in: 1105.0 1251849600000.0
out: 01.0 15.0 28.0 43.0 50.0 57.0
in: 1830.0 1466553600000.0
out: 03.0 07.0 29.0 37.0 54.0 60.0
in: 1736.0 1440547200000.0
out: 12.0 13.0 24.0 29.0 32.0 41.0
in: 984.0 1215216000000.0
out: 04.0 10.0 20.0 43.0 46.0 47.0
in: 698.0 1126656000000.0
out: 08.0 12.0 22.0 27.0 43.0 55.0
in: 79.0 873590400000.0
out: 02.0 13.0 17.0 25.0 31.0 43.0
in: 435.0 1044403200000.0
out: 10.0 11.0 17.0 31.0 37.0 43.0
in: 514.0 1068854400000.0
out: 15.0 36.0 40.0 42.0 51.0 52.0
in: 827.0 1166659200000.0
out: 18.0 24.0 30.0 42.0 51.0 56.0
in: 628.0 1104883200000.0
out: 08.0 16.0 22.0 30.0 56.0 58.0
in: 522.0 1071273600000.0
out: 06.0 14.0 15.0 25.0 49.0 52.0
in: 28.0 842745600000.0
out: 03.0 06.0 22.0 24.0 54.0 60.0
in: 847.0 1173225600000.0
out: 14.0 15.0 27.0 42.0 44.0 48.0
in: 1482.0 1364947200000.0
out: 06.0 09.0 11.0 34.0 41.0 53.0
in: 539.0 1077062400000.0
out: 06.0 16.0 19.0 47.0 50.0 55.0
in: 1254.0 1296604800000.0
out: 07.0 09.0 14.0 18.0 29.0 39.0
in: 44.0 852422400000.0
out: 14.0 18.0 29.0 38.0 44.0 47.0
in: 2079.0 1537228800000.0
out: 01.0 02.0 14.0 37.0 55.0 58.0
in: 1358.0 1327708800000.0
out: 03.0 15.0 16.0 35.0 37.0 47.0
in: 926.0 1197072000000.0
out: 21.0 33.0 34.0 40.0 41.0 59.0
in: 494.0 1062547200000.0
out: 18.0 20.0 28.0 32.0 49.0 53.0
in: 552.0 1081296000000.0
out: 09.0 22.0 47.0 49.0 52.0 54.0
in: 1675.0 1423008000000.0
out: 03.0 18.0 34.0 35.0 36.0 56.0
in: 778.0 1152057600000.0
out: 20.0 31.0 36.0 37.0 45.0 51.0
in: 612.0 1099440000000.0
out: 15.0 18.0 33.0 50.0 53.0 55.0
in: 1165.0 1269648000000.0
out: 20.0 40.0 42.0 52.0 54.0 60.0
in: 814.0 1162944000000.0
out: 02.0 08.0 11.0 41.0 46.0 50.0
in: 1761.0 1447459200000.0
out: 09.0 10.0 36.0 50.0 53.0 55.0
in: 1555.0 1386720000000.0
out: 02.0 05.0 23.0 33.0 52.0 59.0
in: 911.0 1192579200000.0
out: 01.0 06.0 28.0 29.0 46.0 49.0
in: 1754.0 1445644800000.0
out: 20.0 27.0 30.0 31.0 40.0 53.0
in: 128.0 903139200000.0
out: 03.0 09.0 18.0 21.0 23.0 43.0
in: 168.0 927331200000.0
out: 02.0 09.0 31.0 35.0 45.0 50.0
in: 301.0 1002067200000.0
out: 09.0 26.0 48.0 49.0 57.0 58.0
in: 565.0 1085184000000.0
out: 07.0 31.0 34.0 35.0 37.0 45.0
in: 2000.0 1514678400000.0
out: 03.0 06.0 10.0 17.0 34.0 37.0
in: 1763.0 1448064000000.0
out: 09.0 12.0 15.0 21.0 31.0 36.0
in: 1008.0 1222473600000.0
out: 07.0 13.0 15.0 34.0 42.0 48.0
in: 1199.0 1279929600000.0
out: 16.0 19.0 23.0 28.0 39.0 58.0
in: 821.0 1165017600000.0
out: 04.0 29.0 33.0 36.0 38.0 42.0
in: 1665.0 1419984000000.0
out: 01.0 05.0 11.0 16.0 20.0 56.0
in: 1952.0 1501027200000.0
out: 09.0 21.0 36.0 38.0 52.0 53.0
in: 2061.0 1532131200000.0
out: 33.0 36.0 40.0 44.0 45.0 54.0
in: 630.0 1105488000000.0
out: 12.0 16.0 20.0 45.0 53.0 60.0
in: 1207.0 1282348800000.0
out: 09.0 11.0 22.0 32.0 35.0 56.0
in: 625.0 1103328000000.0
out: 12.0 24.0 32.0 40.0 42.0 59.0
in: 1406.0 1342224000000.0
out: 07.0 10.0 17.0 24.0 38.0 57.0
in: 2092.0 1540598400000.0
out: 11.0 13.0 15.0 17.0 22.0 27.0
in: 639.0 1108512000000.0
out: 13.0 35.0 39.0 45.0 51.0 60.0
in: 322.0 1008374400000.0
out: 11.0 18.0 29.0 44.0 47.0 56.0
in: 1213.0 1284163200000.0
out: 03.0 11.0 26.0 34.0 45.0 53.0
in: 1485.0 1365811200000.0
out: 04.0 27.0 30.0 36.0 54.0 59.0
in: 1794.0 1456531200000.0
out: 01.0 05.0 34.0 37.0 40.0 60.0
in: 988.0 1216425600000.0
out: 08.0 17.0 46.0 48.0 56.0 60.0
in: 1188.0 1276646400000.0
out: 09.0 20.0 44.0 52.0 59.0 60.0
in: 1888.0 1482364800000.0
out: 01.0 10.0 17.0 18.0 45.0 48.0
in: 1017.0 1225238400000.0
out: 06.0 19.0 31.0 34.0 51.0 56.0
in: 1128.0 1258761600000.0
out: 08.0 16.0 24.0 39.0 52.0 60.0
in: 2039.0 1525910400000.0
out: 06.0 12.0 22.0 28.0 31.0 44.0
in: 1894.0 1484352000000.0
out: 21.0 31.0 35.0 53.0 54.0 57.0
in: 763.0 1147478400000.0
out: 01.0 09.0 26.0 40.0 47.0 48.0
in: 380.0 1027123200000.0
out: 13.0 22.0 30.0 31.0 47.0 57.0
in: 783.0 1153526400000.0
out: 04.0 08.0 21.0 32.0 43.0 48.0
in: 1384.0 1335571200000.0
out: 02.0 18.0 30.0 31.0 45.0 56.0
in: 1092.0 1247875200000.0
out: 01.0 09.0 30.0 33.0 34.0 40.0
in: 1931.0 1494979200000.0
out: 02.0 08.0 09.0 15.0 22.0 34.0
in: 203.0 948499200000.0
out: 11.0 19.0 29.0 44.0 47.0 55.0
in: 846.0 1172880000000.0
out: 02.0 03.0 44.0 47.0 50.0 54.0
in: 25.0 840931200000.0
out: 24.0 43.0 50.0 54.0 55.0 56.0
in: 1336.0 1321056000000.0
out: 01.0 32.0 38.0 47.0 51.0 54.0
in: 1403.0 1341360000000.0
out: 13.0 16.0 20.0 26.0 39.0 42.0
in: 368.0 1023494400000.0
out: 13.0 29.0 32.0 38.0 44.0 50.0
in: 516.0 1069459200000.0
out: 05.0 13.0 24.0 33.0 34.0 35.0
in: 66.0 865728000000.0
out: 12.0 13.0 15.0 26.0 33.0 48.0
in: 62.0 863308800000.0
out: 06.0 08.0 13.0 24.0 31.0 52.0
in: 1992.0 1511913600000.0
out: 05.0 11.0 13.0 21.0 53.0 54.0
in: 1232.0 1289952000000.0
out: 08.0 11.0 12.0 15.0 18.0 22.0
in: 257.0 981158400000.0
out: 01.0 04.0 05.0 19.0 28.0 34.0
in: 326.0 1010188800000.0
out: 21.0 23.0 40.0 44.0 51.0 52.0
in: 1413.0 1344297600000.0
out: 13.0 15.0 33.0 45.0 54.0 55.0
in: 391.0 1030492800000.0
out: 04.0 07.0 15.0 16.0 35.0 40.0
in: 234.0 967248000000.0
out: 15.0 25.0 41.0 42.0 45.0 54.0
in: 989.0 1216771200000.0
out: 02.0 21.0 27.0 29.0 32.0 38.0
in: 1539.0 1381881600000.0
out: 08.0 10.0 20.0 26.0 49.0 58.0
in: 1225.0 1287792000000.0
out: 31.0 32.0 34.0 40.0 50.0 55.0
in: 1651.0 1415404800000.0
out: 08.0 27.0 35.0 38.0 41.0 44.0
in: 1249.0 1295049600000.0
out: 03.0 08.0 36.0 40.0 51.0 53.0
in: 994.0 1218240000000.0
out: 03.0 20.0 29.0 40.0 44.0 58.0
in: 377.0 1026259200000.0
out: 03.0 12.0 19.0 27.0 45.0 46.0
in: 215.0 955756800000.0
out: 07.0 28.0 37.0 46.0 53.0 58.0
in: 1863.0 1475625600000.0
out: 16.0 23.0 45.0 56.0 58.0 59.0
in: 1746.0 1443571200000.0
out: 06.0 18.0 37.0 40.0 41.0 58.0
in: 534.0 1075507200000.0
out: 03.0 08.0 23.0 31.0 48.0 57.0
in: 5.0 828921600000.0
out: 01.0 02.0 06.0 16.0 19.0 46.0
in: 1032.0 1229731200000.0
out: 15.0 16.0 26.0 29.0 43.0 57.0
in: 255.0 979948800000.0
out: 16.0 19.0 20.0 32.0 44.0 55.0
in: 775.0 1151107200000.0
out: 12.0 27.0 42.0 46.0 47.0 50.0
in: 736.0 1139356800000.0
out: 01.0 21.0 38.0 41.0 49.0 56.0
in: 725.0 1135987200000.0
out: 03.0 09.0 35.0 37.0 41.0 49.0
in: 917.0 1194393600000.0
out: 23.0 25.0 30.0 46.0 47.0 59.0
in: 212.0 953942400000.0
out: 06.0 15.0 29.0 45.0 57.0 59.0
in: 1995.0 1512777600000.0
out: 14.0 26.0 29.0 35.0 37.0 39.0
in: 1764.0 1448409600000.0
out: 06.0 07.0 29.0 39.0 41.0 55.0
in: 862.0 1177718400000.0
out: 02.0 08.0 11.0 12.0 19.0 35.0
in: 1544.0 1383264000000.0
out: 02.0 21.0 30.0 35.0 45.0 50.0
in: 1074.0 1242432000000.0
out: 03.0 10.0 23.0 29.0 47.0 50.0
in: 609.0 1098489600000.0
out: 02.0 06.0 15.0 58.0 59.0 60.0
in: 291.0 999043200000.0
out: 05.0 16.0 17.0 18.0 22.0 41.0
in: 1654.0 1416355200000.0
out: 07.0 16.0 33.0 42.0 50.0 58.0
in: 95.0 883267200000.0
out: 06.0 40.0 45.0 46.0 50.0 60.0
in: 1242.0 1292803200000.0
out: 11.0 34.0 45.0 48.0 51.0 54.0
in: 1072.0 1241827200000.0
out: 09.0 18.0 19.0 43.0 47.0 54.0
in: 269.0 988416000000.0
out: 17.0 18.0 19.0 25.0 49.0 52.0
in: 948.0 1204329600000.0
out: 22.0 41.0 44.0 46.0 52.0 54.0
in: 617.0 1100908800000.0
out: 03.0 05.0 25.0 33.0 36.0 49.0
in: 239.0 970272000000.0
out: 06.0 21.0 33.0 44.0 46.0 47.0
in: 965.0 1209513600000.0
out: 05.0 30.0 36.0 39.0 57.0 58.0
in: 1061.0 1238544000000.0
out: 09.0 21.0 23.0 30.0 41.0 56.0
in: 1561.0 1388620800000.0
out: 23.0 26.0 28.0 54.0 55.0 60.0
in: 851.0 1174435200000.0
out: 03.0 16.0 19.0 32.0 35.0 58.0
in: 963.0 1208908800000.0
out: 15.0 17.0 37.0 48.0 50.0 59.0
in: 515.0 1069200000000.0
out: 15.0 16.0 39.0 45.0 48.0 57.0
in: 1060.0 1238198400000.0
out: 01.0 03.0 16.0 18.0 41.0 42.0
in: 287.0 997833600000.0
out: 03.0 13.0 25.0 33.0 47.0 60.0
in: 1648.0 1414540800000.0
out: 15.0 16.0 18.0 20.0 22.0 48.0
in: 2058.0 1531267200000.0
out: 04.0 19.0 23.0 29.0 56.0 59.0
in: 815.0 1163203200000.0
out: 09.0 19.0 37.0 39.0 50.0 57.0
in: 1152.0 1265760000000.0
out: 14.0 20.0 29.0 36.0 44.0 47.0
in: 537.0 1076457600000.0
out: 03.0 07.0 19.0 34.0 37.0 39.0
in: 665.0 1116374400000.0
out: 07.0 08.0 18.0 25.0 47.0 48.0
in: 619.0 1101513600000.0
out: 08.0 12.0 14.0 16.0 19.0 46.0
in: 636.0 1107302400000.0
out: 26.0 28.0 30.0 32.0 34.0 50.0
in: 1312.0 1313798400000.0
out: 05.0 20.0 22.0 28.0 29.0 30.0
in: 525.0 1072483200000.0
out: 08.0 10.0 24.0 26.0 32.0 49.0
in: 261.0 983577600000.0
out: 05.0 16.0 20.0 30.0 54.0 56.0
in: 1087.0 1246406400000.0
out: 03.0 20.0 28.0 32.0 36.0 46.0
in: 1240.0 1292371200000.0
out: 08.0 09.0 12.0 22.0 42.0 49.0
in: 527.0 1073433600000.0
out: 06.0 14.0 17.0 26.0 50.0 52.0
in: 336.0 1013212800000.0
out: 02.0 18.0 22.0 26.0 30.0 54.0
in: 1986.0 1510185600000.0
out: 23.0 36.0 43.0 44.0 55.0 56.0
in: 1131.0 1259712000000.0
out: 01.0 08.0 16.0 34.0 36.0 49.0
in: 1749.0 1444435200000.0
out: 03.0 13.0 14.0 29.0 33.0 43.0
in: 1428.0 1348617600000.0
out: 07.0 15.0 19.0 34.0 37.0 55.0
in: 32.0 845164800000.0
out: 05.0 14.0 33.0 36.0 43.0 44.0
in: 1297.0 1309564800000.0
out: 02.0 05.0 11.0 13.0 56.0 59.0
in: 1737.0 1440806400000.0
out: 05.0 08.0 42.0 50.0 51.0 59.0
in: 2088.0 1539734400000.0
out: 03.0 14.0 24.0 27.0 38.0 56.0
in: 1567.0 1390348800000.0
out: 02.0 15.0 30.0 38.0 48.0 53.0
in: 103.0 888105600000.0
out: 01.0 07.0 09.0 49.0 54.0 57.0
in: 1305.0 1311984000000.0
out: 03.0 05.0 11.0 36.0 44.0 46.0
in: 1107.0 1252454400000.0
out: 03.0 09.0 20.0 36.0 53.0 54.0
in: 693.0 1124841600000.0
out: 13.0 14.0 17.0 31.0 41.0 50.0
in: 2055.0 1530576000000.0
out: 06.0 25.0 35.0 43.0 46.0 53.0
in: 773.0 1150502400000.0
out: 03.0 05.0 14.0 29.0 34.0 51.0
in: 784.0 1153872000000.0
out: 08.0 27.0 37.0 42.0 53.0 56.0
in: 1685.0 1426032000000.0
out: 03.0 18.0 31.0 39.0 46.0 51.0
in: 1449.0 1354924800000.0
out: 02.0 06.0 18.0 30.0 52.0 56.0
in: 155.0 919468800000.0
out: 12.0 30.0 32.0 35.0 43.0 44.0
in: 548.0 1080086400000.0
out: 14.0 47.0 49.0 51.0 58.0 59.0
in: 1228.0 1288742400000.0
out: 10.0 23.0 36.0 50.0 52.0 60.0
in: 1689.0 1427241600000.0
out: 02.0 05.0 13.0 27.0 41.0 53.0
in: 1604.0 1401494400000.0
out: 02.0 21.0 24.0 27.0 40.0 51.0
in: 385.0 1028678400000.0
out: 05.0 12.0 16.0 18.0 22.0 24.0
in: 1974.0 1507075200000.0
out: 04.0 19.0 27.0 38.0 54.0 57.0
in: 603.0 1096675200000.0
out: 04.0 08.0 11.0 12.0 29.0 44.0
in: 1062.0 1238803200000.0
out: 02.0 08.0 23.0 33.0 37.0 55.0
in: 1603.0 1401235200000.0
out: 13.0 20.0 27.0 31.0 53.0 60.0
in: 1550.0 1385164800000.0
out: 09.0 13.0 21.0 27.0 36.0 56.0
in: 1718.0 1435708800000.0
out: 04.0 30.0 31.0 32.0 47.0 53.0
in: 1968.0 1505520000000.0
out: 35.0 36.0 39.0 44.0 48.0 52.0
in: 935.0 1200441600000.0
out: 07.0 13.0 18.0 29.0 31.0 45.0
in: 1126.0 1258156800000.0
out: 04.0 31.0 42.0 52.0 57.0 59.0
in: 1868.0 1476921600000.0
out: 01.0 05.0 23.0 25.0 28.0 31.0
in: 941.0 1202256000000.0
out: 10.0 11.0 15.0 27.0 53.0 60.0
in: 306.0 1003536000000.0
out: 19.0 30.0 41.0 47.0 56.0 57.0
in: 1841.0 1469577600000.0
out: 03.0 06.0 13.0 38.0 49.0 51.0
in: 777.0 1151712000000.0
out: 02.0 14.0 23.0 28.0 50.0 56.0
in: 2017.0 1519430400000.0
out: 02.0 10.0 11.0 24.0 38.0 56.0
in: 338.0 1014163200000.0
out: 01.0 04.0 09.0 36.0 46.0 48.0
in: 745.0 1142035200000.0
out: 02.0 16.0 21.0 37.0 43.0 57.0
in: 1323.0 1317168000000.0
out: 06.0 15.0 25.0 37.0 48.0 55.0
in: 1989.0 1510963200000.0
out: 15.0 22.0 30.0 32.0 40.0 58.0
in: 1260.0 1298419200000.0
out: 19.0 23.0 29.0 31.0 41.0 53.0
in: 1452.0 1355788800000.0
out: 02.0 14.0 28.0 50.0 57.0 58.0
in: 1031.0 1229472000000.0
out: 24.0 33.0 40.0 43.0 46.0 49.0
in: 644.0 1109980800000.0
out: 14.0 27.0 29.0 31.0 34.0 57.0
in: 2098.0 1542412800000.0
out: 02.0 08.0 18.0 27.0 38.0 60.0
in: 1569.0 1390953600000.0
out: 05.0 15.0 18.0 31.0 42.0 53.0
in: 1825.0 1465257600000.0
out: 10.0 11.0 21.0 50.0 51.0 54.0
in: 1866.0 1476489600000.0
out: 14.0 17.0 36.0 38.0 44.0 60.0
in: 1722.0 1436572800000.0
out: 09.0 23.0 39.0 41.0 49.0 58.0
in: 478.0 1057708800000.0
out: 03.0 08.0 21.0 25.0 30.0 31.0
in: 845.0 1172620800000.0
out: 14.0 19.0 20.0 40.0 48.0 52.0
in: 672.0 1118448000000.0
out: 24.0 28.0 34.0 38.0 43.0 53.0
in: 1712.0 1433894400000.0
out: 02.0 12.0 19.0 29.0 50.0 59.0
in: 1739.0 1441411200000.0
out: 09.0 10.0 17.0 32.0 34.0 46.0
in: 351.0 1018051200000.0
out: 15.0 16.0 24.0 41.0 59.0 60.0
in: 756.0 1145404800000.0
out: 05.0 27.0 37.0 38.0 41.0 50.0
in: 1775.0 1451520000000.0
out: 02.0 18.0 31.0 42.0 51.0 56.0
in: 1944.0 1498867200000.0
out: 08.0 09.0 39.0 47.0 57.0 59.0
in: 1068.0 1240617600000.0
out: 25.0 27.0 44.0 47.0 48.0 57.0
in: 1854.0 1473292800000.0
out: 25.0 30.0 31.0 34.0 43.0 59.0
in: 1404.0 1341619200000.0
out: 07.0 08.0 27.0 31.0 32.0 51.0
in: 475.0 1056758400000.0
out: 06.0 08.0 19.0 22.0 43.0 52.0
in: 170.0 928540800000.0
out: 07.0 41.0 46.0 51.0 55.0 58.0
in: 580.0 1089763200000.0
out: 15.0 16.0 18.0 28.0 38.0 47.0
in: 890.0 1186185600000.0
out: 07.0 09.0 17.0 21.0 22.0 54.0
in: 1442.0 1352851200000.0
out: 12.0 13.0 20.0 30.0 34.0 49.0
in: 1135.0 1260921600000.0
out: 04.0 05.0 06.0 19.0 23.0 39.0
in: 1371.0 1331683200000.0
out: 03.0 04.0 08.0 11.0 47.0 49.0
in: 1731.0 1438992000000.0
out: 05.0 18.0 27.0 43.0 49.0 59.0
in: 1900.0 1486166400000.0
out: 08.0 11.0 27.0 28.0 43.0 46.0
in: 680.0 1120867200000.0
out: 02.0 03.0 05.0 22.0 26.0 44.0
in: 632.0 1106092800000.0
out: 02.0 19.0 28.0 48.0 51.0 54.0
in: 582.0 1090368000000.0
out: 13.0 29.0 40.0 45.0 51.0 59.0
in: 1197.0 1279324800000.0
out: 36.0 37.0 39.0 49.0 54.0 60.0
in: 1209.0 1282953600000.0
out: 05.0 14.0 17.0 30.0 35.0 38.0
in: 1037.0 1231286400000.0
out: 04.0 36.0 44.0 46.0 53.0 56.0
in: 1805.0 1459555200000.0
out: 17.0 22.0 27.0 31.0 49.0 57.0
in: 1653.0 1415923200000.0
out: 01.0 21.0 22.0 27.0 32.0 45.0
in: 997.0 1219190400000.0
out: 09.0 17.0 18.0 32.0 53.0 55.0
in: 1520.0 1376092800000.0
out: 07.0 31.0 35.0 36.0 46.0 48.0
in: 1065.0 1239753600000.0
out: 07.0 19.0 30.0 39.0 43.0 57.0
in: 90.0 880243200000.0
out: 09.0 21.0 26.0 40.0 52.0 54.0
in: 329.0 1011139200000.0
out: 10.0 11.0 12.0 24.0 35.0 40.0
in: 46.0 853632000000.0
out: 01.0 23.0 24.0 32.0 46.0 60.0
in: 2032.0 1523923200000.0
out: 06.0 14.0 19.0 20.0 39.0 53.0
in: 780.0 1152662400000.0
out: 07.0 10.0 28.0 50.0 51.0 59.0
in: 1080.0 1244246400000.0
out: 11.0 18.0 20.0 34.0 41.0 56.0
in: 280.0 995068800000.0
out: 05.0 16.0 20.0 25.0 30.0 58.0
in: 120.0 898300800000.0
out: 03.0 16.0 27.0 40.0 45.0 46.0
in: 2016.0 1519171200000.0
out: 04.0 11.0 17.0 18.0 21.0 48.0
in: 1223.0 1287187200000.0
out: 15.0 17.0 35.0 42.0 47.0 48.0
in: 268.0 987811200000.0
out: 05.0 06.0 10.0 21.0 33.0 47.0
in: 981.0 1214352000000.0
out: 01.0 08.0 34.0 41.0 53.0 58.0
in: 2042.0 1526688000000.0
out: 14.0 22.0 29.0 32.0 33.0 35.0
in: 2101.0 1543363200000.0
out: 02.0 08.0 18.0 37.0 56.0 58.0
in: 916.0 1194048000000.0
out: 05.0 28.0 33.0 36.0 37.0 38.0
in: 571.0 1086998400000.0
out: 12.0 13.0 14.0 31.0 50.0 51.0
in: 496.0 1063152000000.0
out: 10.0 19.0 20.0 29.0 41.0 59.0
in: 1966.0 1504915200000.0
out: 10.0 13.0 19.0 32.0 40.0 60.0
in: 2071.0 1534896000000.0
out: 24.0 33.0 34.0 35.0 46.0 60.0
in: 1549.0 1384905600000.0
out: 10.0 12.0 16.0 20.0 32.0 53.0
in: 2038.0 1525737600000.0
out: 06.0 25.0 26.0 35.0 38.0 40.0
in: 1693.0 1428451200000.0
out: 05.0 15.0 18.0 19.0 21.0 38.0
in: 1976.0 1507680000000.0
out: 12.0 14.0 19.0 25.0 52.0 59.0
in: 854.0 1175299200000.0
out: 03.0 17.0 24.0 25.0 27.0 44.0
in: 882.0 1183766400000.0
out: 17.0 41.0 42.0 44.0 45.0 60.0
in: 43.0 851817600000.0
out: 02.0 06.0 17.0 25.0 26.0 58.0
in: 1959.0 1502841600000.0
out: 08.0 21.0 27.0 35.0 43.0 56.0
in: 687.0 1123027200000.0
out: 01.0 07.0 14.0 41.0 48.0 59.0
in: 1883.0 1481068800000.0
out: 16.0 27.0 28.0 47.0 59.0 60.0
in: 1288.0 1306886400000.0
out: 17.0 30.0 32.0 40.0 42.0 56.0
in: 1042.0 1232755200000.0
out: 13.0 18.0 25.0 30.0 46.0 51.0
in: 1002.0 1220659200000.0
out: 03.0 07.0 25.0 31.0 40.0 58.0
in: 964.0 1209168000000.0
out: 08.0 13.0 20.0 26.0 33.0 42.0
in: 1925.0 1493424000000.0
out: 01.0 17.0 38.0 43.0 45.0 47.0
in: 228.0 963619200000.0
out: 13.0 16.0 40.0 43.0 45.0 59.0
in: 1793.0 1456272000000.0
out: 13.0 14.0 22.0 54.0 56.0 58.0
in: 485.0 1059782400000.0
out: 19.0 28.0 30.0 38.0 52.0 57.0
in: 1486.0 1366156800000.0
out: 01.0 06.0 10.0 34.0 40.0 54.0
in: 1521.0 1376438400000.0
out: 11.0 14.0 18.0 30.0 33.0 39.0
in: 1051.0 1235520000000.0
out: 07.0 10.0 11.0 13.0 43.0 57.0
in: 1109.0 1253059200000.0
out: 06.0 08.0 11.0 14.0 29.0 52.0
in: 850.0 1174089600000.0
out: 07.0 22.0 25.0 44.0 59.0 60.0
in: 1655.0 1416614400000.0
out: 07.0 24.0 28.0 46.0 53.0 56.0
in: 995.0 1218585600000.0
out: 04.0 16.0 31.0 36.0 54.0 55.0
in: 353.0 1018656000000.0
out: 19.0 23.0 30.0 46.0 55.0 60.0
in: 214.0 955152000000.0
out: 06.0 12.0 30.0 31.0 35.0 50.0
in: 1859.0 1474502400000.0
out: 01.0 13.0 14.0 21.0 26.0 51.0
in: 432.0 1043452800000.0
out: 04.0 13.0 17.0 27.0 39.0 50.0
in: 1261.0 1298678400000.0
out: 10.0 14.0 22.0 41.0 42.0 53.0
in: 833.0 1168646400000.0
out: 13.0 16.0 46.0 53.0 57.0 58.0
in: 1724.0 1437177600000.0
out: 27.0 33.0 37.0 39.0 58.0 60.0
in: 35.0 846979200000.0
out: 04.0 16.0 21.0 23.0 54.0 57.0
in: 1782.0 1453248000000.0
out: 06.0 18.0 34.0 47.0 52.0 57.0
in: 928.0 1197676800000.0
out: 04.0 10.0 32.0 33.0 49.0 60.0
in: 701.0 1127520000000.0
out: 01.0 13.0 23.0 31.0 48.0 60.0
in: 1701.0 1430784000000.0
out: 03.0 09.0 18.0 32.0 40.0 56.0
in: 545.0 1079136000000.0
out: 17.0 29.0 35.0 40.0 43.0 57.0
in: 308.0 1004140800000.0
out: 04.0 11.0 25.0 29.0 39.0 55.0
in: 1694.0 1428710400000.0
out: 20.0 29.0 34.0 37.0 45.0 57.0
in: 1377.0 1333497600000.0
out: 02.0 05.0 12.0 13.0 25.0 35.0
in: 333.0 1012348800000.0
out: 04.0 27.0 35.0 44.0 52.0 53.0
in: 688.0 1123286400000.0
out: 11.0 21.0 30.0 35.0 47.0 52.0
in: 1846.0 1470873600000.0
out: 06.0 24.0 26.0 30.0 34.0 49.0
in: 297.0 1000857600000.0
out: 01.0 20.0 28.0 33.0 36.0 41.0
in: 1339.0 1322006400000.0
out: 07.0 10.0 14.0 16.0 54.0 59.0
in: 1474.0 1362528000000.0
out: 01.0 02.0 03.0 11.0 28.0 43.0
in: 843.0 1171670400000.0
out: 01.0 16.0 34.0 36.0 45.0 48.0
in: 883.0 1184112000000.0
out: 21.0 32.0 37.0 52.0 53.0 60.0
in: 807.0 1160784000000.0
out: 02.0 08.0 27.0 32.0 49.0 56.0
in: 1855.0 1473465600000.0
out: 06.0 10.0 15.0 24.0 38.0 39.0
in: 1004.0 1221264000000.0
out: 29.0 40.0 43.0 44.0 45.0 47.0
in: 119.0 897696000000.0
out: 01.0 21.0 36.0 38.0 47.0 50.0
in: 509.0 1067385600000.0
out: 28.0 32.0 33.0 34.0 35.0 55.0
in: 1317.0 1315440000000.0
out: 06.0 13.0 29.0 30.0 35.0 37.0
in: 1587.0 1396396800000.0
out: 08.0 19.0 21.0 30.0 52.0 56.0
in: 1597.0 1399420800000.0
out: 05.0 10.0 16.0 44.0 50.0 52.0
in: 1578.0 1393632000000.0
out: 03.0 06.0 30.0 37.0 53.0 56.0
in: 978.0 1213401600000.0
out: 12.0 16.0 18.0 27.0 42.0 58.0
in: 1652.0 1415750400000.0
out: 07.0 24.0 26.0 28.0 44.0 57.0
in: 1725.0 1437523200000.0
out: 16.0 18.0 26.0 30.0 31.0 34.0
in: 2046.0 1527897600000.0
out: 03.0 06.0 11.0 27.0 28.0 46.0
in: 1755.0 1445990400000.0
out: 02.0 05.0 08.0 18.0 30.0 48.0
in: 794.0 1156896000000.0
out: 03.0 38.0 42.0 47.0 55.0 56.0
in: 1212.0 1283904000000.0
out: 02.0 23.0 33.0 35.0 40.0 50.0
in: 393.0 1031097600000.0
out: 06.0 12.0 35.0 36.0 40.0 50.0
in: 403.0 1034121600000.0
out: 07.0 16.0 27.0 31.0 46.0 60.0
in: 573.0 1087603200000.0
out: 06.0 17.0 22.0 29.0 40.0 59.0
in: 2083.0 1538179200000.0
out: 01.0 18.0 19.0 33.0 56.0 60.0
in: 1454.0 1356134400000.0
out: 04.0 27.0 29.0 41.0 48.0 52.0
in: 1548.0 1384560000000.0
out: 19.0 41.0 42.0 44.0 47.0 54.0
in: 1692.0 1428105600000.0
out: 11.0 13.0 14.0 27.0 44.0 56.0
in: 38.0 848793600000.0
out: 10.0 42.0 43.0 45.0 54.0 55.0
in: 822.0 1165363200000.0
out: 04.0 10.0 17.0 27.0 41.0 52.0
in: 2041.0 1526428800000.0
out: 10.0 12.0 22.0 25.0 42.0 54.0
in: 930.0 1198281600000.0
out: 20.0 28.0 37.0 46.0 49.0 55.0
in: 468.0 1054684800000.0
out: 05.0 06.0 23.0 25.0 39.0 51.0
in: 1932.0 1495238400000.0
out: 10.0 16.0 21.0 29.0 44.0 55.0
in: 413.0 1037145600000.0
out: 02.0 04.0 29.0 33.0 35.0 53.0
in: 1368.0 1330732800000.0
out: 10.0 21.0 26.0 29.0 32.0 38.0
in: 703.0 1128124800000.0
out: 02.0 11.0 24.0 27.0 30.0 45.0
in: 1423.0 1347062400000.0
out: 03.0 08.0 21.0 25.0 27.0 43.0
in: 1176.0 1273017600000.0
out: 11.0 14.0 21.0 30.0 33.0 49.0
in: 1660.0 1418169600000.0
out: 08.0 17.0 34.0 38.0 42.0 51.0
in: 1517.0 1375488000000.0
out: 07.0 17.0 38.0 45.0 52.0 56.0
in: 936.0 1200700800000.0
out: 05.0 14.0 22.0 29.0 33.0 44.0
in: 1667.0 1420588800000.0
out: 07.0 12.0 24.0 44.0 51.0 56.0
in: 36.0 847584000000.0
out: 03.0 13.0 17.0 25.0 29.0 51.0
in: 631.0 1105747200000.0
out: 01.0 20.0 28.0 32.0 44.0 47.0
in: 1924.0 1493164800000.0
out: 12.0 16.0 30.0 52.0 53.0 58.0
in: 1664.0 1419379200000.0
out: 08.0 21.0 23.0 29.0 36.0 48.0
in: 471.0 1055548800000.0
out: 05.0 31.0 32.0 36.0 51.0 59.0
in: 1195.0 1278720000000.0
out: 17.0 20.0 26.0 27.0 55.0 57.0
in: 707.0 1129680000000.0
out: 01.0 08.0 10.0 36.0 43.0 51.0
in: 1543.0 1383091200000.0
out: 07.0 15.0 20.0 23.0 30.0 41.0
in: 654.0 1113004800000.0
out: 06.0 10.0 11.0 40.0 41.0 56.0
in: 1265.0 1299888000000.0
out: 13.0 19.0 24.0 46.0 50.0 60.0
in: 1780.0 1452729600000.0
out: 06.0 20.0 22.0 31.0 33.0 34.0
in: 167.0 926726400000.0
out: 01.0 11.0 28.0 33.0 38.0 48.0
in: 34.0 846374400000.0
out: 13.0 15.0 17.0 40.0 53.0 57.0
in: 1446.0 1354060800000.0
out: 06.0 13.0 24.0 32.0 40.0 51.0
in: 1802.0 1458691200000.0
out: 02.0 06.0 13.0 14.0 17.0 44.0
in: 1047.0 1234310400000.0
out: 01.0 02.0 08.0 10.0 14.0 48.0
in: 605.0 1097280000000.0
out: 04.0 24.0 44.0 49.0 52.0 53.0
in: 363.0 1022025600000.0
out: 19.0 29.0 39.0 47.0 49.0 54.0
in: 656.0 1113609600000.0
out: 35.0 36.0 37.0 46.0 51.0 59.0
in: 529.0 1074038400000.0
out: 01.0 13.0 33.0 38.0 45.0 56.0
in: 601.0 1096070400000.0
out: 10.0 19.0 22.0 29.0 30.0 37.0
in: 1227.0 1288396800000.0
out: 04.0 28.0 30.0 31.0 35.0 54.0
in: 492.0 1061942400000.0
out: 02.0 06.0 15.0 18.0 56.0 57.0
in: 199.0 945993600000.0
out: 10.0 16.0 37.0 50.0 52.0 57.0
in: 1279.0 1304121600000.0
out: 08.0 14.0 29.0 35.0 36.0 40.0
in: 841.0 1171065600000.0
out: 07.0 22.0 32.0 36.0 38.0 51.0
in: 247.0 975110400000.0
out: 03.0 10.0 23.0 30.0 34.0 46.0
in: 1292.0 1308096000000.0
out: 09.0 11.0 23.0 30.0 31.0 54.0
in: 577.0 1088812800000.0
out: 08.0 23.0 24.0 28.0 31.0 47.0
in: 1906.0 1487808000000.0
out: 06.0 27.0 33.0 39.0 40.0 60.0
in: 1124.0 1257552000000.0
out: 07.0 11.0 16.0 18.0 33.0 49.0
in: 1283.0 1305331200000.0
out: 08.0 30.0 40.0 44.0 59.0 60.0
in: 165.0 925516800000.0
out: 10.0 19.0 23.0 35.0 39.0 56.0
in: 1913.0 1489795200000.0
out: 04.0 14.0 17.0 43.0 52.0 56.0
in: 1095.0 1248825600000.0
out: 10.0 16.0 21.0 23.0 27.0 36.0
in: 1808.0 1460505600000.0
out: 02.0 14.0 20.0 25.0 41.0 45.0
in: 1783.0 1453507200000.0
out: 04.0 06.0 16.0 18.0 21.0 38.0
in: 1827.0 1465603200000.0
out: 26.0 33.0 42.0 43.0 53.0 54.0
in: 1498.0 1369785600000.0
out: 06.0 11.0 27.0 40.0 46.0 49.0
in: 1914.0 1490140800000.0
out: 16.0 29.0 33.0 39.0 42.0 44.0
in: 1258.0 1297814400000.0
out: 11.0 26.0 47.0 55.0 57.0 59.0
in: 512.0 1068249600000.0
out: 04.0 08.0 31.0 40.0 53.0 58.0
in: 596.0 1094601600000.0
out: 11.0 14.0 28.0 43.0 54.0 60.0
in: 508.0 1067040000000.0
out: 05.0 10.0 15.0 45.0 46.0 56.0
in: 860.0 1177286400000.0
out: 02.0 08.0 17.0 22.0 42.0 44.0
in: 746.0 1142380800000.0
out: 01.0 10.0 12.0 25.0 49.0 57.0
in: 400.0 1033171200000.0
out: 10.0 13.0 28.0 29.0 54.0 59.0
in: 80.0 874195200000.0
out: 23.0 28.0 37.0 40.0 48.0 51.0
in: 1304.0 1311724800000.0
out: 07.0 14.0 15.0 20.0 23.0 35.0
in: 1639.0 1411776000000.0
out: 16.0 29.0 34.0 35.0 49.0 51.0
in: 39.0 849398400000.0
out: 12.0 16.0 37.0 45.0 52.0 56.0
in: 411.0 1036540800000.0
out: 10.0 12.0 31.0 38.0 45.0 56.0
in: 1934.0 1495843200000.0
out: 08.0 23.0 35.0 39.0 56.0 59.0
in: 1196.0 1279065600000.0
out: 03.0 06.0 19.0 20.0 58.0 60.0
in: 1503.0 1371254400000.0
out: 03.0 04.0 16.0 22.0 36.0 42.0
in: 1542.0 1382745600000.0
out: 07.0 11.0 12.0 30.0 39.0 57.0
in: 271.0 989625600000.0
out: 14.0 24.0 26.0 29.0 31.0 54.0
in: 1488.0 1366761600000.0
out: 04.0 22.0 25.0 38.0 45.0 51.0
in: 174.0 930960000000.0
out: 11.0 22.0 23.0 36.0 52.0 59.0
in: 839.0 1170460800000.0
out: 07.0 08.0 11.0 18.0 37.0 43.0
in: 1824.0 1464998400000.0
out: 05.0 06.0 12.0 19.0 30.0 60.0
in: 1633.0 1409961600000.0
out: 01.0 02.0 11.0 13.0 36.0 49.0
in: 194.0 943056000000.0
out: 25.0 28.0 32.0 33.0 42.0 43.0
in: 94.0 882662400000.0
out: 08.0 18.0 28.0 51.0 52.0 55.0
in: 1394.0 1338595200000.0
out: 11.0 16.0 24.0 35.0 46.0 50.0
in: 1872.0 1478131200000.0
out: 11.0 13.0 25.0 39.0 46.0 56.0
in: 114.0 894672000000.0
out: 06.0 12.0 18.0 37.0 47.0 54.0
in: 58.0 860889600000.0
out: 12.0 27.0 30.0 37.0 44.0 49.0
in: 1647.0 1414195200000.0
out: 12.0 17.0 23.0 38.0 53.0 54.0
in: 1573.0 1392163200000.0
out: 07.0 16.0 21.0 35.0 36.0 38.0
in: 1469.0 1360972800000.0
out: 04.0 13.0 35.0 54.0 56.0 58.0
in: 766.0 1148428800000.0
out: 01.0 19.0 24.0 42.0 50.0 58.0
in: 1216.0 1285113600000.0
out: 04.0 07.0 13.0 25.0 27.0 58.0
in: 1419.0 1345852800000.0
out: 17.0 21.0 30.0 48.0 52.0 58.0
in: 111.0 892857600000.0
out: 04.0 22.0 25.0 32.0 33.0 52.0
in: 797.0 1157760000000.0
out: 06.0 12.0 47.0 48.0 52.0 58.0
in: 1007.0 1222214400000.0
out: 04.0 27.0 36.0 37.0 49.0 52.0
in: 998.0 1219449600000.0
out: 03.0 04.0 21.0 22.0 28.0 32.0
in: 42.0 851212800000.0
out: 07.0 11.0 19.0 24.0 33.0 36.0
in: 913.0 1193184000000.0
out: 14.0 30.0 36.0 38.0 46.0 59.0
in: 1038.0 1231545600000.0
out: 06.0 07.0 28.0 35.0 43.0 51.0
in: 401.0 1033516800000.0
out: 11.0 18.0 43.0 44.0 50.0 53.0
in: 469.0 1054944000000.0
out: 13.0 21.0 26.0 29.0 42.0 47.0
in: 1624.0 1407369600000.0
out: 02.0 27.0 32.0 41.0 47.0 58.0
in: 945.0 1203465600000.0
out: 04.0 08.0 27.0 44.0 54.0 59.0
in: 2003.0 1515542400000.0
out: 28.0 34.0 40.0 43.0 50.0 51.0
in: 1395.0 1338940800000.0
out: 05.0 11.0 17.0 19.0 44.0 48.0
in: 1006.0 1221868800000.0
out: 02.0 04.0 17.0 33.0 48.0 55.0
in: 1803.0 1458950400000.0
out: 04.0 08.0 29.0 38.0 49.0 50.0
in: 999.0 1219795200000.0
out: 18.0 24.0 36.0 44.0 55.0 58.0
in: 659.0 1114560000000.0
out: 14.0 29.0 34.0 40.0 51.0 52.0
in: 60.0 862099200000.0
out: 03.0 14.0 15.0 20.0 21.0 38.0
in: 938.0 1201305600000.0
out: 15.0 27.0 35.0 50.0 57.0 59.0
in: 1710.0 1433289600000.0
out: 07.0 21.0 28.0 56.0 58.0 59.0
in: 1572.0 1391817600000.0
out: 20.0 27.0 42.0 45.0 46.0 47.0
in: 1362.0 1328918400000.0
out: 02.0 12.0 19.0 22.0 36.0 58.0
in: 2084.0 1538524800000.0
out: 07.0 20.0 26.0 37.0 38.0 39.0
in: 1980.0 1508544000000.0
out: 12.0 16.0 17.0 18.0 34.0 37.0
in: 160.0 922492800000.0
out: 02.0 13.0 42.0 52.0 54.0 58.0
in: 518.0 1070064000000.0
out: 05.0 08.0 10.0 15.0 18.0 44.0
in: 1386.0 1336176000000.0
out: 12.0 28.0 38.0 39.0 51.0 56.0
in: 1684.0 1425686400000.0
out: 09.0 12.0 18.0 31.0 39.0 50.0
in: 668.0 1117238400000.0
out: 01.0 02.0 14.0 33.0 49.0 56.0
in: 430.0 1042848000000.0
out: 08.0 10.0 21.0 25.0 38.0 50.0
in: 422.0 1039824000000.0
out: 12.0 37.0 43.0 55.0 56.0 60.0
in: 700.0 1127260800000.0
out: 02.0 03.0 14.0 24.0 31.0 40.0
in: 771.0 1149897600000.0
out: 14.0 21.0 29.0 34.0 46.0 47.0
in: 98.0 885081600000.0
out: 13.0 14.0 31.0 33.0 35.0 43.0
in: 1568.0 1390608000000.0
out: 19.0 24.0 25.0 28.0 42.0 58.0
in: 1241.0 1292630400000.0
out: 10.0 13.0 25.0 26.0 28.0 45.0
in: 454.0 1050451200000.0
out: 04.0 17.0 24.0 42.0 46.0 56.0
in: 1099.0 1250035200000.0
out: 14.0 31.0 35.0 38.0 44.0 55.0
in: 1056.0 1236988800000.0
out: 06.0 08.0 38.0 50.0 53.0 59.0
in: 459.0 1051920000000.0
out: 08.0 15.0 17.0 39.0 43.0 49.0
in: 151.0 917049600000.0
out: 03.0 16.0 20.0 43.0 52.0 56.0
in: 1552.0 1385769600000.0
out: 07.0 18.0 24.0 26.0 39.0 46.0
in: 246.0 974505600000.0
out: 02.0 16.0 32.0 37.0 43.0 57.0
in: 406.0 1034985600000.0
out: 02.0 12.0 32.0 38.0 47.0 48.0
in: 356.0 1019606400000.0
out: 05.0 19.0 21.0 54.0 56.0 58.0
in: 1329.0 1318982400000.0
out: 07.0 08.0 11.0 39.0 43.0 50.0
in: 65.0 865123200000.0
out: 01.0 05.0 20.0 25.0 32.0 34.0
in: 608.0 1098230400000.0
out: 06.0 13.0 19.0 24.0 30.0 37.0
in: 81.0 874800000000.0
out: 10.0 23.0 41.0 47.0 54.0 60.0
in: 1190.0 1277251200000.0
out: 10.0 11.0 19.0 37.0 53.0 56.0
in: 1244.0 1293148800000.0
out: 02.0 08.0 15.0 25.0 34.0 45.0
in: 905.0 1190764800000.0
out: 02.0 04.0 15.0 16.0 55.0 57.0
in: 1226.0 1288137600000.0
out: 10.0 31.0 40.0 50.0 55.0 56.0
in: 1540.0 1382140800000.0
out: 03.0 17.0 27.0 32.0 47.0 54.0
in: 915.0 1193788800000.0
out: 17.0 20.0 26.0 28.0 48.0 49.0
in: 2013.0 1518220800000.0
out: 06.0 23.0 30.0 36.0 53.0 56.0
in: 1476.0 1363132800000.0
out: 04.0 10.0 26.0 37.0 47.0 57.0
in: 976.0 1212796800000.0
out: 14.0 23.0 25.0 28.0 38.0 53.0
in: 1255.0 1296864000000.0
out: 05.0 23.0 38.0 39.0 51.0 54.0
in: 1600.0 1400284800000.0
out: 09.0 23.0 32.0 35.0 46.0 57.0
in: 1285.0 1305936000000.0
out: 10.0 15.0 28.0 31.0 33.0 38.0
in: 331.0 1011744000000.0
out: 01.0 13.0 20.0 27.0 35.0 37.0
in: 752.0 1144195200000.0
out: 04.0 23.0 24.0 25.0 29.0 42.0
in: 2097.0 1542153600000.0
out: 09.0 24.0 28.0 45.0 49.0 51.0
in: 1274.0 1302652800000.0
out: 13.0 17.0 21.0 39.0 40.0 59.0
in: 480.0 1058313600000.0
out: 14.0 33.0 36.0 38.0 41.0 49.0
in: 190.0 940723200000.0
out: 05.0 10.0 21.0 32.0 40.0 42.0
in: 1634.0 1410307200000.0
out: 09.0 10.0 23.0 33.0 44.0 51.0
in: 967.0 1210118400000.0
out: 05.0 13.0 14.0 18.0 30.0 57.0
in: 1138.0 1261612800000.0
out: 02.0 04.0 15.0 18.0 25.0 36.0
in: 218.0 957571200000.0
out: 12.0 17.0 40.0 42.0 47.0 54.0
in: 1383.0 1335312000000.0
out: 07.0 09.0 23.0 44.0 46.0 55.0
in: 1717.0 1435363200000.0
out: 02.0 09.0 16.0 37.0 44.0 58.0
in: 543.0 1078531200000.0
out: 35.0 37.0 42.0 46.0 49.0 54.0
in: 348.0 1017187200000.0
out: 19.0 30.0 33.0 39.0 40.0 52.0
in: 1391.0 1337731200000.0
out: 07.0 12.0 19.0 34.0 40.0 53.0
in: 1272.0 1302048000000.0
out: 13.0 26.0 27.0 28.0 35.0 52.0
in: 504.0 1065830400000.0
out: 08.0 11.0 19.0 30.0 39.0 50.0
in: 1003.0 1221004800000.0
out: 05.0 10.0 16.0 23.0 26.0 27.0
in: 1991.0 1511568000000.0
out: 19.0 20.0 28.0 34.0 36.0 44.0
in: 1617.0 1405468800000.0
out: 03.0 23.0 26.0 31.0 47.0 54.0
in: 1354.0 1326499200000.0
out: 02.0 08.0 38.0 42.0 48.0 49.0
in: 1845.0 1470700800000.0
out: 03.0 09.0 13.0 29.0 30.0 51.0
in: 1140.0 1262217600000.0
out: 10.0 27.0 40.0 46.0 49.0 58.0
in: 69.0 867542400000.0
out: 25.0 34.0 45.0 53.0 56.0 58.0
in: 1596.0 1399075200000.0
out: 01.0 05.0 07.0 10.0 12.0 45.0
in: 491.0 1061596800000.0
out: 01.0 09.0 15.0 22.0 43.0 55.0
in: 1723.0 1436918400000.0
out: 14.0 27.0 30.0 46.0 52.0 60.0
in: 1347.0 1324339200000.0
out: 09.0 19.0 45.0 46.0 54.0 56.0
in: 943.0 1202860800000.0
out: 03.0 12.0 23.0 41.0 47.0 58.0
in: 866.0 1178928000000.0
out: 05.0 27.0 36.0 40.0 46.0 48.0
in: 132.0 905558400000.0
out: 07.0 09.0 35.0 41.0 44.0 50.0
in: 1668.0 1420848000000.0
out: 05.0 40.0 47.0 52.0 55.0 57.0
in: 278.0 993859200000.0
out: 10.0 15.0 18.0 22.0 31.0 55.0
in: 1994.0 1512518400000.0
out: 02.0 05.0 12.0 32.0 40.0 44.0
in: 1302.0 1311120000000.0
out: 02.0 10.0 15.0 44.0 56.0 57.0
in: 1173.0 1272067200000.0
out: 05.0 07.0 24.0 25.0 36.0 47.0
in: 705.0 1128729600000.0
out: 03.0 11.0 13.0 15.0 26.0 43.0
in: 1444.0 1353456000000.0
out: 02.0 05.0 27.0 28.0 48.0 55.0
in: 1964.0 1504310400000.0
out: 02.0 27.0 32.0 36.0 48.0 50.0
in: 1590.0 1397260800000.0
out: 07.0 20.0 34.0 40.0 44.0 55.0
in: 1343.0 1323216000000.0
out: 19.0 20.0 31.0 42.0 51.0 56.0
in: 1947.0 1499472000000.0
out: 08.0 33.0 40.0 52.0 55.0 59.0
in: 1504.0 1371600000000.0
out: 02.0 10.0 12.0 30.0 41.0 42.0
in: 2006.0 1516406400000.0
out: 01.0 09.0 14.0 20.0 25.0 54.0
in: 1519.0 1375920000000.0
out: 05.0 06.0 15.0 23.0 56.0 59.0
in: 397.0 1032307200000.0
out: 01.0 02.0 05.0 24.0 32.0 46.0
in: 470.0 1055289600000.0
out: 08.0 11.0 23.0 37.0 51.0 58.0
in: 549.0 1080345600000.0
out: 08.0 13.0 22.0 46.0 51.0 58.0
in: 1326.0 1318032000000.0
out: 10.0 11.0 18.0 19.0 30.0 50.0
in: 837.0 1169856000000.0
out: 05.0 06.0 16.0 24.0 34.0 60.0
in: 1957.0 1502323200000.0
out: 02.0 14.0 22.0 23.0 29.0 47.0
in: 1310.0 1313193600000.0
out: 08.0 09.0 14.0 32.0 53.0 59.0
in: 54.0 858470400000.0
out: 05.0 09.0 18.0 21.0 36.0 56.0
in: 663.0 1115769600000.0
out: 01.0 27.0 30.0 49.0 51.0 55.0
in: 195.0 943660800000.0
out: 03.0 09.0 17.0 32.0 37.0 44.0
in: 256.0 980553600000.0
out: 02.0 21.0 26.0 32.0 34.0 52.0
in: 2081.0 1537574400000.0
out: 13.0 18.0 35.0 40.0 41.0 42.0
in: 684.0 1122076800000.0
out: 17.0 19.0 33.0 37.0 40.0 50.0
in: 1953.0 1501286400000.0
out: 09.0 26.0 29.0 42.0 43.0 45.0
in: 1741.0 1442016000000.0
out: 15.0 18.0 20.0 32.0 48.0 49.0
in: 600.0 1095811200000.0
out: 16.0 18.0 31.0 34.0 39.0 54.0
in: 825.0 1166227200000.0
out: 10.0 21.0 28.0 40.0 41.0 47.0
in: 1940.0 1497657600000.0
out: 09.0 13.0 16.0 17.0 36.0 47.0
in: 786.0 1154476800000.0
out: 10.0 11.0 26.0 27.0 31.0 41.0
in: 289.0 998438400000.0
out: 06.0 07.0 20.0 25.0 30.0 36.0
in: 1936.0 1496448000000.0
out: 03.0 12.0 24.0 40.0 51.0 52.0
in: 1622.0 1406937600000.0
out: 04.0 05.0 07.0 21.0 45.0 53.0
in: 801.0 1158969600000.0
out: 11.0 19.0 20.0 22.0 42.0 48.0
in: 1902.0 1486771200000.0
out: 02.0 07.0 09.0 18.0 21.0 25.0
in: 201.0 947289600000.0
out: 05.0 20.0 22.0 30.0 35.0 55.0
in: 91.0 880848000000.0
out: 02.0 04.0 10.0 35.0 39.0 60.0
in: 1882.0 1480723200000.0
out: 09.0 10.0 19.0 35.0 37.0 41.0
in: 1962.0 1503705600000.0
out: 05.0 06.0 15.0 25.0 39.0 53.0
in: 1129.0 1259107200000.0
out: 12.0 17.0 19.0 32.0 47.0 55.0
in: 474.0 1056499200000.0
out: 03.0 12.0 32.0 34.0 40.0 50.0
in: 990.0 1217030400000.0
out: 02.0 10.0 15.0 18.0 29.0 39.0
in: 765.0 1148169600000.0
out: 03.0 10.0 16.0 30.0 37.0 50.0
in: 1337.0 1321401600000.0
out: 02.0 20.0 35.0 38.0 45.0 51.0
in: 63.0 863913600000.0
out: 09.0 25.0 26.0 40.0 41.0 49.0
in: 19.0 837388800000.0
out: 05.0 10.0 12.0 24.0 25.0 60.0
in: 798.0 1158105600000.0
out: 03.0 04.0 09.0 29.0 32.0 52.0
in: 1537.0 1381276800000.0
out: 06.0 10.0 33.0 50.0 51.0 56.0
in: 1136.0 1261180800000.0
out: 07.0 31.0 32.0 34.0 37.0 43.0
in: 2064.0 1533081600000.0
out: 10.0 14.0 36.0 53.0 55.0 60.0
in: 1958.0 1502496000000.0
out: 15.0 20.0 22.0 24.0 34.0 55.0
in: 1221.0 1286582400000.0
out: 05.0 14.0 37.0 43.0 46.0 58.0
in: 721.0 1134172800000.0
out: 03.0 14.0 23.0 25.0 36.0 55.0
in: 1005.0 1221609600000.0
out: 04.0 06.0 12.0 37.0 41.0 42.0
in: 87.0 878428800000.0
out: 04.0 05.0 11.0 28.0 32.0 40.0
in: 423.0 1040169600000.0
out: 08.0 22.0 32.0 33.0 40.0 53.0
in: 864.0 1178323200000.0
out: 08.0 11.0 31.0 33.0 42.0 57.0
in: 1849.0 1471651200000.0
out: 03.0 05.0 11.0 27.0 35.0 44.0
in: 1781.0 1452902400000.0
out: 01.0 08.0 22.0 49.0 52.0 53.0
in: 1253.0 1296259200000.0
out: 02.0 17.0 23.0 43.0 44.0 51.0
in: 878.0 1182556800000.0
out: 11.0 12.0 37.0 38.0 43.0 54.0
in: 1208.0 1282694400000.0
out: 01.0 12.0 20.0 26.0 45.0 54.0
in: 1478.0 1363737600000.0
out: 10.0 27.0 37.0 40.0 47.0 55.0
in: 1448.0 1354665600000.0
out: 01.0 25.0 29.0 36.0 56.0 60.0
in: 723.0 1134777600000.0
out: 01.0 06.0 16.0 36.0 50.0 52.0
in: 1414.0 1344470400000.0
out: 21.0 37.0 44.0 46.0 49.0 57.0
in: 2072.0 1535155200000.0
out: 10.0 12.0 13.0 20.0 22.0 54.0
in: 679.0 1120608000000.0
out: 03.0 21.0 25.0 37.0 54.0 58.0
in: 1678.0 1423872000000.0
out: 09.0 11.0 17.0 19.0 35.0 52.0
in: 252.0 978134400000.0
out: 04.0 17.0 26.0 32.0 51.0 54.0
in: 372.0 1024704000000.0
out: 16.0 17.0 24.0 39.0 46.0 57.0
in: 861.0 1177459200000.0
out: 39.0 40.0 42.0 47.0 59.0 60.0
in: 944.0 1203120000000.0
out: 16.0 37.0 43.0 52.0 58.0 59.0
in: 760.0 1146614400000.0
out: 12.0 17.0 44.0 45.0 46.0 60.0
in: 551.0 1080950400000.0
out: 12.0 21.0 46.0 48.0 56.0 57.0
in: 244.0 973296000000.0
out: 19.0 24.0 33.0 47.0 50.0 60.0
in: 607.0 1097884800000.0
out: 06.0 11.0 19.0 27.0 41.0 59.0
in: 1021.0 1226448000000.0
out: 02.0 33.0 42.0 43.0 51.0 55.0
in: 405.0 1034726400000.0
out: 24.0 29.0 34.0 47.0 57.0 60.0
in: 1661.0 1418428800000.0
out: 13.0 16.0 27.0 43.0 48.0 58.0
in: 805.0 1160179200000.0
out: 02.0 30.0 36.0 43.0 48.0 60.0
in: 141.0 911001600000.0
out: 10.0 13.0 22.0 41.0 42.0 58.0
in: 1155.0 1266624000000.0
out: 20.0 28.0 40.0 41.0 51.0 58.0
in: 305.0 1003276800000.0
out: 05.0 11.0 27.0 38.0 53.0 60.0
in: 145.0 913420800000.0
out: 15.0 16.0 31.0 41.0 43.0 51.0
in: 281.0 995673600000.0
out: 05.0 11.0 31.0 38.0 47.0 53.0
in: 1627.0 1408147200000.0
out: 20.0 26.0 32.0 41.0 45.0 57.0
in: 1360.0 1328313600000.0
out: 02.0 16.0 17.0 25.0 50.0 54.0
in: 670.0 1117843200000.0
out: 22.0 37.0 42.0 48.0 58.0 59.0
in: 1085.0 1245801600000.0
out: 12.0 21.0 39.0 40.0 50.0 55.0
in: 1530.0 1379116800000.0
out: 10.0 16.0 28.0 33.0 48.0 53.0
in: 1180.0 1274227200000.0
out: 12.0 30.0 34.0 44.0 57.0 60.0
in: 495.0 1062806400000.0
out: 08.0 15.0 29.0 36.0 49.0 60.0
in: 68.0 866937600000.0
out: 01.0 03.0 12.0 13.0 53.0 59.0
in: 782.0 1153267200000.0
out: 02.0 11.0 23.0 35.0 42.0 59.0
in: 47.0 854236800000.0
out: 03.0 17.0 25.0 35.0 48.0 56.0
in: 1496.0 1369180800000.0
out: 14.0 18.0 28.0 41.0 47.0 54.0
in: 439.0 1045612800000.0
out: 13.0 20.0 29.0 42.0 43.0 57.0
in: 1930.0 1494633600000.0
out: 04.0 17.0 18.0 37.0 52.0 56.0
in: 2022.0 1520985600000.0
out: 04.0 28.0 45.0 48.0 52.0 60.0
in: 1064.0 1239408000000.0
out: 04.0 16.0 19.0 28.0 29.0 49.0
in: 1373.0 1332288000000.0
out: 07.0 27.0 39.0 52.0 55.0 57.0
in: 317.0 1006905600000.0
out: 16.0 20.0 27.0 30.0 35.0 48.0
in: 714.0 1132099200000.0
out: 07.0 08.0 17.0 35.0 39.0 53.0
in: 158.0 921283200000.0
out: 04.0 14.0 17.0 43.0 51.0 58.0
in: 2091.0 1540425600000.0
out: 10.0 11.0 12.0 37.0 38.0 59.0
in: 1608.0 1402704000000.0
out: 05.0 06.0 17.0 43.0 54.0 59.0
in: 704.0 1128470400000.0
out: 02.0 04.0 18.0 27.0 34.0 50.0
in: 222.0 959990400000.0
out: 05.0 19.0 30.0 48.0 52.0 55.0
in: 270.0 989020800000.0
out: 05.0 09.0 27.0 35.0 40.0 45.0
in: 1988.0 1510790400000.0
out: 05.0 10.0 39.0 42.0 46.0 54.0
in: 510.0 1067644800000.0
out: 01.0 04.0 30.0 41.0 45.0 58.0
in: 1774.0 1451088000000.0
out: 01.0 12.0 20.0 30.0 52.0 60.0
in: 891.0 1186531200000.0
out: 15.0 16.0 19.0 22.0 34.0 35.0
in: 438.0 1045267200000.0
out: 03.0 05.0 11.0 14.0 38.0 48.0
in: 547.0 1079740800000.0
out: 04.0 13.0 28.0 30.0 53.0 59.0
in: 1387.0 1336521600000.0
out: 18.0 27.0 32.0 43.0 50.0 52.0
in: 554.0 1081900800000.0
out: 15.0 29.0 31.0 42.0 47.0 60.0
in: 1614.0 1404518400000.0
out: 14.0 17.0 21.0 27.0 43.0 49.0
in: 1269.0 1301097600000.0
out: 04.0 05.0 15.0 17.0 27.0 51.0
in: 602.0 1096416000000.0
out: 07.0 13.0 38.0 46.0 55.0 60.0
in: 1489.0 1367020800000.0
out: 01.0 15.0 24.0 26.0 28.0 48.0
in: 407.0 1035331200000.0
out: 02.0 18.0 22.0 49.0 51.0 57.0
in: 2070.0 1534550400000.0
out: 05.0 26.0 27.0 34.0 42.0 48.0
in: 340.0 1014768000000.0
out: 09.0 10.0 12.0 33.0 42.0 60.0
in: 350.0 1017792000000.0
out: 10.0 15.0 23.0 30.0 43.0 57.0
in: 1522.0 1376697600000.0
out: 05.0 08.0 23.0 32.0 33.0 56.0
in: 675.0 1119398400000.0
out: 24.0 25.0 30.0 42.0 43.0 50.0
in: 1911.0 1489190400000.0
out: 16.0 18.0 23.0 30.0 32.0 33.0
in: 1881.0 1480464000000.0
out: 03.0 10.0 30.0 44.0 53.0 56.0
in: 528.0 1073692800000.0
out: 08.0 12.0 28.0 31.0 34.0 37.0
in: 358.0 1020470400000.0
out: 12.0 17.0 21.0 32.0 40.0 42.0
in: 1238.0 1291766400000.0
out: 13.0 14.0 24.0 39.0 40.0 45.0
in: 806.0 1160611200000.0
out: 18.0 26.0 35.0 41.0 47.0 60.0
in: 893.0 1187136000000.0
out: 03.0 18.0 26.0 51.0 53.0 56.0
in: 1247.0 1294444800000.0
out: 03.0 09.0 11.0 24.0 36.0 51.0
in: 1093.0 1248220800000.0
out: 19.0 23.0 27.0 38.0 41.0 49.0
in: 2050.0 1529107200000.0
out: 08.0 31.0 32.0 33.0 38.0 50.0
in: 191.0 941328000000.0
out: 01.0 03.0 05.0 23.0 41.0 58.0
in: 1514.0 1374624000000.0
out: 16.0 17.0 23.0 42.0 59.0 60.0
in: 279.0 994464000000.0
out: 04.0 23.0 31.0 47.0 58.0 59.0
in: 1429.0 1348876800000.0
out: 09.0 12.0 22.0 39.0 48.0 60.0
in: 74.0 870566400000.0
out: 02.0 24.0 34.0 37.0 38.0 50.0
in: 1848.0 1471392000000.0
out: 09.0 40.0 41.0 50.0 55.0 58.0
in: 1308.0 1312848000000.0
out: 07.0 08.0 24.0 30.0 33.0 47.0
in: 1695.0 1429056000000.0
out: 24.0 36.0 38.0 43.0 44.0 58.0
in: 1998.0 1513641600000.0
out: 08.0 21.0 24.0 25.0 52.0 57.0
in: 123.0 900115200000.0
out: 13.0 14.0 16.0 26.0 32.0 42.0
in: 1766.0 1449014400000.0
out: 22.0 23.0 41.0 46.0 53.0 60.0
in: 131.0 904953600000.0
out: 04.0 09.0 17.0 27.0 30.0 44.0
in: 879.0 1182902400000.0
out: 10.0 28.0 29.0 35.0 42.0 46.0
in: 150.0 916444800000.0
out: 12.0 44.0 50.0 52.0 54.0 55.0
in: 1170.0 1271203200000.0
out: 11.0 13.0 27.0 34.0 46.0 49.0
in: 59.0 861494400000.0
out: 02.0 08.0 13.0 28.0 34.0 54.0
in: 739.0 1140220800000.0
out: 06.0 10.0 35.0 45.0 49.0 56.0
in: 1481.0 1364601600000.0
out: 17.0 27.0 28.0 40.0 44.0 55.0
in: 1000.0 1220054400000.0
out: 29.0 38.0 39.0 49.0 53.0 58.0
in: 818.0 1164153600000.0
out: 08.0 09.0 22.0 25.0 41.0 44.0
in: 2053.0 1530057600000.0
out: 12.0 22.0 27.0 37.0 40.0 55.0
in: 817.0 1163808000000.0
out: 10.0 29.0 30.0 34.0 43.0 52.0
in: 1301.0 1310774400000.0
out: 03.0 16.0 23.0 25.0 51.0 56.0
in: 1546.0 1383955200000.0
out: 04.0 17.0 38.0 44.0 53.0 60.0
in: 1286.0 1306281600000.0
out: 02.0 05.0 28.0 33.0 51.0 52.0
in: 2004.0 1515801600000.0
out: 01.0 05.0 14.0 23.0 35.0 45.0
in: 2054.0 1530316800000.0
out: 04.0 07.0 12.0 22.0 26.0 39.0
in: 1356.0 1327104000000.0
out: 06.0 13.0 21.0 22.0 31.0 46.0
in: 1075.0 1242777600000.0
out: 10.0 12.0 16.0 21.0 39.0 53.0
in: 1408.0 1342828800000.0
out: 04.0 19.0 20.0 24.0 39.0 43.0
in: 1104.0 1251504000000.0
out: 02.0 03.0 06.0 35.0 49.0 58.0
in: 579.0 1089417600000.0
out: 04.0 09.0 15.0 17.0 34.0 39.0
in: 1465.0 1359763200000.0
out: 06.0 11.0 16.0 26.0 44.0 53.0
in: 852.0 1174694400000.0
out: 06.0 14.0 23.0 34.0 38.0 44.0
in: 126.0 901929600000.0
out: 06.0 10.0 11.0 28.0 32.0 40.0
in: 1954.0 1501632000000.0
out: 09.0 25.0 33.0 35.0 40.0 49.0
in: 531.0 1074643200000.0
out: 01.0 03.0 07.0 18.0 35.0 50.0
in: 1206.0 1282089600000.0
out: 02.0 06.0 11.0 36.0 37.0 48.0
in: 1851.0 1472256000000.0
out: 08.0 18.0 21.0 22.0 35.0 37.0
in: 610.0 1098835200000.0
out: 25.0 30.0 43.0 45.0 47.0 49.0
in: 1077.0 1243382400000.0
out: 05.0 06.0 09.0 11.0 18.0 37.0
in: 1645.0 1413590400000.0
out: 08.0 18.0 21.0 31.0 37.0 38.0
in: 2087.0 1539388800000.0
out: 02.0 18.0 19.0 23.0 34.0 53.0
in: 834.0 1168992000000.0
out: 10.0 16.0 17.0 34.0 44.0 51.0
in: 1250.0 1295395200000.0
out: 01.0 02.0 24.0 40.0 51.0 59.0
in: 1535.0 1380672000000.0
out: 08.0 09.0 25.0 41.0 54.0 55.0
in: 894.0 1187395200000.0
out: 20.0 24.0 28.0 37.0 41.0 44.0
in: 1773.0 1450915200000.0
out: 15.0 30.0 39.0 41.0 45.0 59.0
in: 1353.0 1326240000000.0
out: 03.0 11.0 13.0 27.0 32.0 47.0
in: 1880.0 1480118400000.0
out: 05.0 16.0 19.0 37.0 51.0 56.0
in: 1365.0 1329868800000.0
out: 02.0 24.0 26.0 32.0 35.0 50.0
in: 441.0 1046217600000.0
out: 02.0 10.0 15.0 21.0 58.0 59.0
in: 1382.0 1334880000000.0
out: 05.0 13.0 16.0 17.0 27.0 55.0
in: 1331.0 1319587200000.0
out: 09.0 24.0 26.0 39.0 46.0 57.0
in: 8.0 830736000000.0
out: 04.0 17.0 37.0 38.0 47.0 53.0
in: 1791.0 1455667200000.0
out: 12.0 18.0 46.0 50.0 53.0 55.0
in: 761.0 1146873600000.0
out: 13.0 17.0 27.0 29.0 40.0 56.0
in: 138.0 909187200000.0
out: 05.0 14.0 27.0 37.0 40.0 41.0
in: 1865.0 1476316800000.0
out: 01.0 05.0 31.0 32.0 37.0 42.0
in: 507.0 1066780800000.0
out: 03.0 05.0 27.0 33.0 44.0 58.0
in: 1999.0 1513814400000.0
out: 15.0 37.0 38.0 42.0 49.0 50.0
in: 258.0 981763200000.0
out: 07.0 12.0 50.0 54.0 55.0 60.0
in: 461.0 1052524800000.0
out: 15.0 17.0 20.0 29.0 30.0 60.0
in: 1294.0 1308700800000.0
out: 04.0 06.0 29.0 48.0 50.0 51.0
in: 328.0 1010793600000.0
out: 05.0 07.0 14.0 21.0 23.0 51.0
in: 774.0 1150848000000.0
out: 05.0 10.0 37.0 46.0 54.0 58.0
in: 267.0 987206400000.0
out: 01.0 08.0 45.0 46.0 55.0 58.0
in: 1967.0 1505260800000.0
out: 13.0 30.0 32.0 39.0 46.0 54.0
in: 133.0 906163200000.0
out: 05.0 06.0 19.0 34.0 39.0 57.0
in: 134.0 906768000000.0
out: 04.0 25.0 32.0 36.0 52.0 60.0
in: 1691.0 1427846400000.0
out: 01.0 10.0 24.0 39.0 45.0 58.0
in: 249.0 976320000000.0
out: 21.0 36.0 40.0 49.0 54.0 55.0
in: 404.0 1034380800000.0
out: 01.0 24.0 28.0 38.0 40.0 58.0
in: 1125.0 1257897600000.0
out: 03.0 07.0 29.0 33.0 42.0 56.0
in: 1819.0 1463529600000.0
out: 17.0 18.0 26.0 30.0 33.0 37.0
in: 1351.0 1325635200000.0
out: 13.0 33.0 36.0 41.0 50.0 56.0
in: 188.0 939513600000.0
out: 17.0 27.0 34.0 42.0 43.0 46.0
in: 719.0 1133568000000.0
out: 03.0 32.0 37.0 39.0 47.0 53.0
in: 418.0 1038614400000.0
out: 08.0 15.0 32.0 45.0 49.0 52.0
in: 929.0 1198022400000.0
out: 16.0 27.0 35.0 39.0 49.0 57.0
in: 673.0 1118793600000.0
out: 06.0 11.0 20.0 34.0 37.0 40.0
in: 37.0 848188800000.0
out: 06.0 07.0 22.0 38.0 52.0 60.0
in: 440.0 1045872000000.0
out: 03.0 05.0 23.0 30.0 46.0 47.0
in: 1475.0 1362787200000.0
out: 12.0 13.0 37.0 44.0 48.0 51.0
in: 1917.0 1491004800000.0
out: 04.0 21.0 25.0 33.0 36.0 46.0
in: 1758.0 1446854400000.0
out: 06.0 11.0 16.0 23.0 36.0 42.0
in: 1559.0 1387584000000.0
out: 08.0 12.0 16.0 29.0 37.0 58.0
in: 260.0 982972800000.0
out: 04.0 06.0 33.0 43.0 59.0 60.0
in: 196.0 944265600000.0
out: 07.0 09.0 14.0 17.0 24.0 32.0
in: 1.0 826502400000.0
out: 04.0 05.0 30.0 33.0 41.0 52.0
in: 1912.0 1489536000000.0
out: 10.0 13.0 33.0 35.0 36.0 42.0
in: 526.0 1073088000000.0
out: 03.0 21.0 31.0 36.0 55.0 59.0
in: 1826.0 1465430400000.0
out: 17.0 19.0 32.0 43.0 48.0 51.0
in: 1581.0 1394582400000.0
out: 14.0 15.0 25.0 30.0 31.0 34.0
in: 1045.0 1233705600000.0
out: 01.0 05.0 06.0 17.0 31.0 50.0
in: 414.0 1037404800000.0
out: 16.0 26.0 35.0 45.0 52.0 58.0
in: 652.0 1112400000000.0
out: 10.0 18.0 20.0 24.0 56.0 57.0
in: 136.0 907977600000.0
out: 01.0 17.0 25.0 38.0 45.0 59.0
in: 106.0 889920000000.0
out: 05.0 16.0 24.0 35.0 38.0 39.0
in: 1787.0 1454544000000.0
out: 01.0 05.0 13.0 25.0 26.0 29.0
in: 1631.0 1409356800000.0
out: 04.0 29.0 44.0 47.0 48.0 60.0
in: 578.0 1089158400000.0
out: 03.0 18.0 23.0 48.0 56.0 58.0
in: 313.0 1005696000000.0
out: 14.0 16.0 24.0 37.0 38.0 53.0
in: 947.0 1204070400000.0
out: 03.0 05.0 11.0 14.0 33.0 58.0
in: 953.0 1205884800000.0
out: 01.0 16.0 39.0 42.0 48.0 55.0
in: 1938.0 1497052800000.0
out: 10.0 16.0 32.0 40.0 42.0 54.0
in: 950.0 1204934400000.0
out: 23.0 41.0 42.0 48.0 49.0 59.0
in: 1160.0 1268179200000.0
out: 01.0 03.0 05.0 18.0 40.0 48.0
in: 48.0 854841600000.0
out: 02.0 05.0 28.0 34.0 47.0 50.0
in: 2044.0 1527292800000.0
out: 07.0 14.0 47.0 54.0 56.0 60.0
in: 2102.0 1543622400000.0
out: 04.0 06.0 17.0 34.0 51.0 57.0
in: 1103.0 1251244800000.0
out: 10.0 19.0 28.0 41.0 55.0 56.0
in: 2026.0 1522195200000.0
out: 10.0 23.0 31.0 33.0 51.0 52.0
in: 581.0 1090022400000.0
out: 14.0 17.0 25.0 30.0 39.0 52.0
in: 1836.0 1468281600000.0
out: 08.0 15.0 18.0 45.0 59.0 60.0
in: 327.0 1010534400000.0
out: 29.0 32.0 33.0 38.0 46.0 48.0
in: 1588.0 1396656000000.0
out: 23.0 29.0 32.0 36.0 45.0 49.0
in: 1584.0 1395446400000.0
out: 03.0 22.0 27.0 28.0 50.0 54.0
in: 216.0 956361600000.0
out: 14.0 18.0 30.0 35.0 42.0 59.0
in: 1589.0 1397001600000.0
out: 04.0 05.0 11.0 19.0 41.0 51.0
in: 73.0 869961600000.0
out: 25.0 26.0 28.0 45.0 51.0 57.0
in: 370.0 1024099200000.0
out: 01.0 04.0 40.0 42.0 51.0 54.0
in: 1402.0 1341014400000.0
out: 02.0 09.0 10.0 21.0 27.0 38.0
in: 1436.0 1351036800000.0
out: 01.0 13.0 23.0 24.0 30.0 57.0
in: 946.0 1203724800000.0
out: 01.0 05.0 12.0 47.0 52.0 59.0
in: 924.0 1196467200000.0
out: 02.0 20.0 21.0 27.0 51.0 60.0
in: 314.0 1005955200000.0
out: 05.0 32.0 34.0 37.0 40.0 58.0
in: 781.0 1152921600000.0
out: 08.0 10.0 13.0 39.0 54.0 56.0
in: 416.0 1038009600000.0
out: 01.0 13.0 23.0 33.0 54.0 56.0
in: 2059.0 1531526400000.0
out: 04.0 05.0 36.0 40.0 44.0 56.0
in: 1499.0 1370044800000.0
out: 08.0 22.0 26.0 33.0 37.0 54.0
in: 697.0 1126310400000.0
out: 28.0 31.0 32.0 35.0 51.0 53.0
in: 1556.0 1386979200000.0
out: 01.0 04.0 07.0 10.0 11.0 52.0
in: 1120.0 1256342400000.0
out: 07.0 35.0 40.0 44.0 50.0 55.0
in: 1937.0 1496793600000.0
out: 06.0 10.0 24.0 29.0 43.0 55.0
in: 1732.0 1439337600000.0
out: 25.0 34.0 38.0 45.0 53.0 60.0
in: 1089.0 1247011200000.0
out: 02.0 18.0 20.0 32.0 37.0 48.0
in: 1955.0 1501891200000.0
out: 15.0 27.0 33.0 36.0 41.0 45.0
in: 674.0 1119052800000.0
out: 18.0 22.0 29.0 32.0 38.0 42.0
in: 874.0 1181347200000.0
out: 10.0 20.0 42.0 44.0 52.0 59.0
in: 955.0 1206489600000.0
out: 05.0 12.0 21.0 32.0 33.0 35.0
in: 1862.0 1475280000000.0
out: 02.0 08.0 35.0 42.0 49.0 56.0
in: 1205.0 1281744000000.0
out: 04.0 13.0 14.0 26.0 29.0 35.0
in: 1055.0 1236729600000.0
out: 12.0 15.0 16.0 20.0 27.0 32.0
in: 927.0 1197417600000.0
out: 19.0 23.0 26.0 31.0 33.0 36.0
in: 259.0 982368000000.0
out: 13.0 15.0 20.0 33.0 43.0 58.0
in: 113.0 894067200000.0
out: 07.0 26.0 28.0 34.0 54.0 55.0
in: 3.0 827712000000.0
out: 10.0 11.0 29.0 30.0 36.0 47.0
in: 1536.0 1380931200000.0
out: 13.0 18.0 29.0 32.0 50.0 58.0
in: 1798.0 1457568000000.0
out: 02.0 09.0 23.0 28.0 45.0 53.0
in: 193.0 942451200000.0
out: 04.0 11.0 12.0 19.0 43.0 49.0
in: 572.0 1087344000000.0
out: 03.0 09.0 16.0 20.0 33.0 60.0
in: 1374.0 1332547200000.0
out: 06.0 21.0 28.0 31.0 33.0 43.0
in: 488.0 1060732800000.0
out: 15.0 30.0 35.0 39.0 43.0 57.0
in: 1141.0 1262390400000.0
out: 09.0 37.0 40.0 50.0 58.0 60.0
in: 169.0 927936000000.0
out: 01.0 13.0 21.0 37.0 51.0 52.0
in: 517.0 1069804800000.0
out: 07.0 08.0 28.0 32.0 38.0 51.0
in: 804.0 1159920000000.0
out: 03.0 13.0 37.0 47.0 56.0 59.0
in: 1235.0 1290816000000.0
out: 10.0 16.0 20.0 26.0 49.0 55.0
in: 1680.0 1424476800000.0
out: 23.0 37.0 38.0 46.0 47.0 51.0
in: 1864.0 1475884800000.0
out: 04.0 05.0 14.0 37.0 40.0 60.0
in: 387.0 1029283200000.0
out: 22.0 28.0 29.0 43.0 47.0 48.0
in: 709.0 1130284800000.0
out: 04.0 06.0 09.0 22.0 29.0 44.0
in: 1792.0 1455926400000.0
out: 02.0 16.0 17.0 18.0 41.0 47.0
in: 33.0 845769600000.0
out: 05.0 17.0 33.0 39.0 42.0 49.0
in: 1389.0 1337126400000.0
out: 01.0 16.0 28.0 39.0 44.0 57.0
in: 1076.0 1243036800000.0
out: 04.0 10.0 19.0 32.0 33.0 42.0
in: 221.0 959385600000.0
out: 13.0 27.0 43.0 50.0 54.0 58.0
in: 2052.0 1529712000000.0
out: 50.0 51.0 56.0 57.0 58.0 59.0
in: 770.0 1149638400000.0
out: 04.0 12.0 25.0 34.0 35.0 48.0
in: 1641.0 1412380800000.0
out: 23.0 29.0 30.0 33.0 46.0 51.0
in: 1875.0 1478736000000.0
out: 01.0 45.0 47.0 52.0 53.0 55.0
in: 951.0 1205280000000.0
out: 14.0 24.0 34.0 39.0 49.0 55.0
in: 961.0 1208304000000.0
out: 02.0 04.0 16.0 21.0 36.0 53.0
in: 957.0 1207094400000.0
out: 24.0 25.0 32.0 34.0 50.0 57.0
in: 940.0 1201910400000.0
out: 05.0 25.0 31.0 33.0 37.0 51.0
in: 686.0 1122681600000.0
out: 04.0 05.0 15.0 26.0 33.0 54.0
in: 273.0 990835200000.0
out: 10.0 17.0 23.0 27.0 47.0 52.0
in: 1790.0 1455321600000.0
out: 11.0 13.0 26.0 27.0 28.0 50.0
in: 980.0 1214006400000.0
out: 15.0 17.0 29.0 35.0 36.0 59.0
in: 434.0 1044057600000.0
out: 04.0 10.0 17.0 24.0 30.0 54.0
in: 1687.0 1426636800000.0
out: 15.0 24.0 37.0 46.0 49.0 58.0
in: 1410.0 1343433600000.0
out: 18.0 29.0 40.0 42.0 50.0 54.0
in: 1224.0 1287532800000.0
out: 19.0 21.0 27.0 41.0 53.0 57.0
in: 1960.0 1503100800000.0
out: 01.0 18.0 25.0 37.0 39.0 43.0
in: 344.0 1015977600000.0
out: 10.0 12.0 14.0 33.0 35.0 36.0
in: 909.0 1191974400000.0
out: 17.0 22.0 26.0 28.0 38.0 42.0
in: 813.0 1162598400000.0
out: 09.0 15.0 23.0 45.0 46.0 56.0
in: 919.0 1194998400000.0
out: 03.0 25.0 31.0 41.0 43.0 60.0
in: 863.0 1178064000000.0
out: 15.0 24.0 32.0 50.0 53.0 57.0
in: 987.0 1216166400000.0
out: 13.0 27.0 31.0 34.0 47.0 58.0
in: 76.0 871776000000.0
out: 08.0 17.0 18.0 23.0 33.0 53.0
in: 361.0 1021420800000.0
out: 16.0 28.0 31.0 41.0 45.0 59.0
in: 1309.0 1313020800000.0
out: 07.0 12.0 25.0 26.0 32.0 39.0
in: 730.0 1137542400000.0
out: 02.0 15.0 16.0 45.0 50.0 54.0
in: 1809.0 1460764800000.0
out: 09.0 12.0 23.0 24.0 46.0 54.0
in: 1804.0 1459296000000.0
out: 20.0 21.0 28.0 48.0 50.0 59.0
in: 312.0 1005350400000.0
out: 14.0 23.0 30.0 41.0 47.0 50.0
in: 563.0 1084579200000.0
out: 05.0 08.0 23.0 34.0 44.0 51.0
in: 1711.0 1433548800000.0
out: 22.0 26.0 38.0 39.0 45.0 50.0
in: 1822.0 1464393600000.0
out: 01.0 22.0 26.0 43.0 50.0 53.0
in: 692.0 1124496000000.0
out: 11.0 18.0 33.0 57.0 58.0 60.0
in: 934.0 1200096000000.0
out: 01.0 03.0 21.0 25.0 44.0 48.0
in: 13.0 833760000000.0
out: 18.0 32.0 47.0 50.0 54.0 56.0
in: 282.0 996278400000.0
out: 09.0 14.0 23.0 24.0 33.0 36.0
in: 696.0 1125705600000.0
out: 09.0 16.0 34.0 37.0 53.0 57.0
in: 1150.0 1265155200000.0
out: 15.0 17.0 28.0 31.0 35.0 52.0
in: 1714.0 1434499200000.0
out: 02.0 08.0 24.0 36.0 51.0 52.0
in: 1850.0 1471996800000.0
out: 23.0 24.0 32.0 38.0 40.0 41.0
in: 108.0 891129600000.0
out: 21.0 24.0 29.0 34.0 59.0 60.0
in: 1580.0 1394236800000.0
out: 01.0 06.0 14.0 17.0 33.0 36.0
in: 1214.0 1284508800000.0
out: 05.0 29.0 30.0 36.0 41.0 48.0
in: 1742.0 1442361600000.0
out: 11.0 19.0 21.0 23.0 27.0 52.0
in: 1084.0 1245456000000.0
out: 05.0 20.0 29.0 33.0 40.0 59.0
in: 321.0 1008115200000.0
out: 04.0 11.0 31.0 32.0 48.0 49.0
in: 1167.0 1270252800000.0
out: 20.0 28.0 43.0 51.0 52.0 56.0
in: 1439.0 1351900800000.0
out: 02.0 34.0 35.0 42.0 43.0 55.0
in: 49.0 855446400000.0
out: 07.0 13.0 33.0 35.0 43.0 55.0
in: 1847.0 1471046400000.0
out: 01.0 06.0 45.0 49.0 50.0 57.0
in: 856.0 1175904000000.0
out: 11.0 15.0 40.0 41.0 42.0 47.0
in: 511.0 1067990400000.0
out: 03.0 04.0 08.0 34.0 36.0 37.0
in: 1700.0 1430524800000.0
out: 15.0 18.0 41.0 48.0 50.0 58.0
in: 1364.0 1329523200000.0
out: 10.0 13.0 20.0 40.0 44.0 53.0
in: 559.0 1083369600000.0
out: 06.0 13.0 17.0 25.0 36.0 53.0
in: 1529.0 1378857600000.0
out: 11.0 15.0 17.0 34.0 35.0 49.0
in: 425.0 1041033600000.0
out: 06.0 10.0 16.0 34.0 42.0 47.0
in: 1267.0 1300492800000.0
out: 04.0 20.0 30.0 41.0 47.0 58.0
in: 97.0 884476800000.0
out: 05.0 11.0 14.0 35.0 53.0 56.0
in: 502.0 1065225600000.0
out: 07.0 13.0 21.0 24.0 33.0 50.0
in: 1904.0 1487376000000.0
out: 12.0 15.0 18.0 21.0 51.0 56.0
in: 791.0 1155945600000.0
out: 09.0 14.0 19.0 35.0 42.0 58.0
in: 1838.0 1468627200000.0
out: 05.0 08.0 24.0 30.0 57.0 59.0
in: 417.0 1038355200000.0
out: 07.0 12.0 21.0 25.0 34.0 42.0
in: 243.0 972691200000.0
out: 11.0 16.0 20.0 23.0 32.0 47.0
in: 886.0 1184976000000.0
out: 17.0 33.0 37.0 50.0 55.0 59.0
in: 588.0 1092182400000.0
out: 11.0 13.0 45.0 46.0 53.0 55.0
in: 872.0 1180742400000.0
out: 05.0 18.0 31.0 43.0 55.0 58.0
in: 1058.0 1237593600000.0
out: 18.0 20.0 24.0 45.0 51.0 57.0
in: 139.0 909792000000.0
out: 03.0 13.0 26.0 27.0 41.0 42.0
in: 648.0 1111190400000.0
out: 05.0 23.0 29.0 42.0 45.0 48.0
in: 388.0 1029542400000.0
out: 23.0 36.0 48.0 52.0 53.0 58.0
in: 506.0 1066435200000.0
out: 04.0 15.0 31.0 34.0 37.0 38.0
in: 908.0 1191628800000.0
out: 01.0 09.0 19.0 25.0 50.0 52.0
in: 587.0 1091836800000.0
out: 02.0 18.0 29.0 30.0 36.0 60.0
in: 1690.0 1427500800000.0
out: 21.0 24.0 26.0 35.0 45.0 53.0
in: 277.0 993254400000.0
out: 04.0 26.0 38.0 40.0 52.0 56.0
in: 1363.0 1329264000000.0
out: 25.0 35.0 42.0 45.0 52.0 57.0
in: 593.0 1093651200000.0
out: 01.0 25.0 27.0 29.0 49.0 59.0
in: 1585.0 1395792000000.0
out: 02.0 43.0 47.0 48.0 49.0 55.0
in: 152.0 917654400000.0
out: 05.0 12.0 15.0 29.0 51.0 58.0
in: 1541.0 1382486400000.0
out: 05.0 24.0 37.0 44.0 49.0 58.0
in: 2007.0 1516752000000.0
out: 04.0 14.0 39.0 41.0 54.0 58.0
in: 176.0 932169600000.0
out: 01.0 03.0 04.0 28.0 45.0 53.0
in: 954.0 1206144000000.0
out: 05.0 08.0 18.0 24.0 33.0 57.0
in: 1342.0 1322870400000.0
out: 05.0 07.0 42.0 46.0 50.0 60.0
in: 1455.0 1356912000000.0
out: 14.0 32.0 33.0 36.0 41.0 52.0
in: 1984.0 1509753600000.0
out: 21.0 29.0 32.0 35.0 43.0 50.0
in: 1418.0 1345593600000.0
out: 07.0 08.0 10.0 12.0 27.0 56.0
in: 1359.0 1328054400000.0
out: 06.0 10.0 12.0 17.0 28.0 53.0
in: 710.0 1130544000000.0
out: 05.0 25.0 34.0 39.0 46.0 49.0
in: 1510.0 1373414400000.0
out: 01.0 08.0 17.0 44.0 46.0 53.0
in: 557.0 1082764800000.0
out: 08.0 12.0 18.0 23.0 38.0 49.0
in: 968.0 1210377600000.0
out: 01.0 04.0 13.0 30.0 51.0 60.0
in: 1895.0 1484697600000.0
out: 02.0 03.0 05.0 10.0 15.0 34.0
in: 1432.0 1349827200000.0
out: 16.0 24.0 25.0 42.0 45.0 59.0
in: 1896.0 1484956800000.0
out: 03.0 06.0 14.0 15.0 21.0 25.0
in: 456.0 1051056000000.0
out: 03.0 17.0 22.0 27.0 33.0 40.0
in: 229.0 964224000000.0
out: 11.0 13.0 21.0 33.0 39.0 45.0
in: 682.0 1121472000000.0
out: 04.0 27.0 36.0 37.0 47.0 60.0
in: 1702.0 1430956800000.0
out: 17.0 19.0 33.0 35.0 39.0 52.0
in: 1812.0 1461715200000.0
out: 20.0 23.0 32.0 34.0 37.0 45.0
in: 1874.0 1478563200000.0
out: 10.0 28.0 37.0 43.0 44.0 47.0
in: 877.0 1182297600000.0
out: 13.0 15.0 20.0 28.0 31.0 36.0
in: 641.0 1109116800000.0
out: 01.0 09.0 13.0 17.0 33.0 34.0
in: 1293.0 1308355200000.0
out: 01.0 13.0 24.0 40.0 44.0 50.0
in: 1115.0 1254873600000.0
out: 18.0 30.0 37.0 41.0 44.0 50.0
in: 755.0 1145059200000.0
out: 04.0 12.0 30.0 47.0 49.0 59.0
in: 1230.0 1289347200000.0
out: 09.0 12.0 19.0 22.0 35.0 37.0
in: 1123.0 1257292800000.0
out: 04.0 14.0 19.0 39.0 45.0 60.0
in: 1658.0 1417564800000.0
out: 07.0 11.0 19.0 23.0 40.0 49.0
in: 2060.0 1531872000000.0
out: 08.0 09.0 11.0 25.0 39.0 41.0
in: 597.0 1094860800000.0
out: 22.0 27.0 29.0 40.0 42.0 56.0
in: 678.0 1120262400000.0
out: 14.0 31.0 40.0 42.0 44.0 46.0
in: 792.0 1156291200000.0
out: 09.0 29.0 34.0 43.0 45.0 56.0
in: 1046.0 1233964800000.0
out: 28.0 40.0 42.0 54.0 55.0 57.0
in: 2014.0 1518566400000.0
out: 16.0 32.0 40.0 46.0 53.0 56.0
in: 100.0 886291200000.0
out: 14.0 29.0 30.0 46.0 48.0 51.0
in: 1295.0 1308960000000.0
out: 02.0 05.0 15.0 20.0 43.0 57.0
in: 2001.0 1514937600000.0
out: 20.0 22.0 36.0 42.0 52.0 60.0
in: 816.0 1163635200000.0
out: 20.0 21.0 30.0 40.0 47.0 52.0
in: 1834.0 1467763200000.0
out: 02.0 17.0 22.0 24.0 48.0 51.0
in: 1707.0 1432339200000.0
out: 07.0 16.0 20.0 27.0 36.0 52.0
in: 1210.0 1283299200000.0
out: 03.0 07.0 09.0 10.0 31.0 34.0
in: 1158.0 1267574400000.0
out: 23.0 30.0 31.0 54.0 55.0 60.0
in: 1462.0 1358899200000.0
out: 05.0 09.0 25.0 27.0 38.0 40.0
in: 1222.0 1286928000000.0
out: 05.0 08.0 19.0 26.0 48.0 57.0
in: 1234.0 1290556800000.0
out: 03.0 05.0 19.0 24.0 30.0 35.0
in: 840.0 1170806400000.0
out: 17.0 29.0 31.0 35.0 43.0 59.0
in: 498.0 1063756800000.0
out: 02.0 06.0 28.0 49.0 50.0 57.0
in: 896.0 1188000000000.0
out: 05.0 11.0 22.0 31.0 35.0 41.0