0.467653
0.461256
0.454674
0.458745
0.458952
0.459361
0.455108
0.451418
0.453613
0.454038
0.45164
0.452163
0.448184
0.450478
0.446643
0.454204
0.450269
0.451483
0.449623
0.446827
0.449925
0.449788
0.451445
0.451795
0.453674
0.448581
0.448894
0.447296
0.445993
0.44681
0.445742
0.44364
0.447759
0.444746
0.447919
0.454537
0.449218
0.44631
0.447584
0.455584
0.453023
0.450544
0.447739
0.44731
0.449076
0.44938
0.448138
0.450294
0.454577
0.447782
0.450336
0.452913
0.4511
0.44737
0.443345
0.446073
0.44562
0.446407
0.447416
0.452311
0.449345
0.447457
0.446789
0.443714
0.447278
0.447371
0.443203
0.444461
0.44649
0.443897
0.438991
0.440627
0.442227
0.444227
0.447702
0.442665
0.444692
0.443418
0.450439
0.446202
0.447127
0.445785
0.448992
0.451532
0.448183
0.454811
0.44823
0.447258
0.449142
0.451138
0.44517
0.445628
0.44349
0.437631
0.438026
0.441425
0.440859
0.441232
0.4437
0.440216
0.44481
0.442955
0.444102
0.445654
0.45055
0.447781
0.448145
0.44625
0.446007
0.44776
0.448363
0.449761
0.450468
0.446576
0.448316
0.450392
0.452117
0.454075
0.448398
0.447239
0.451756
0.452544
0.442515
0.449709
0.444612
0.445313
0.443324
0.442426
0.444511
0.446921
0.443383
0.442198
0.445545
0.446705
0.447764
0.449646
0.445144
0.450111
0.451491
0.449554
0.444882
0.447884
0.446757
0.450668
0.45231
0.447877
0.447396
0.44589
0.443915
0.442597
0.447477
0.447321
0.442151
0.445675
0.447576
0.448834
0.450541
0.446277
0.447662
0.448897
0.446303
0.451034
0.453117
0.452452
0.447941
0.448293
0.450887
0.449355
0.44922
0.448837
0.449336
0.447763
0.449729
0.453804
0.451839
0.449972
0.451993
0.4513
0.452471
0.451792
0.447294
0.446958
0.440473
0.4406
0.443985
0.442063
0.446227
0.451814
0.449335
0.444144
0.448619
0.44574
0.448012
0.447053
0.454439
0.450917
0.447441
0.450615
0.447716
0.450128
0.447332
0.448193
0.448442
0.448955
0.45371
0.450838
0.449465
0.446113
0.449999
0.450537
0.446802
0.445441
0.449243
0.448586
0.448067
0.448055
0.447008
0.449754
0.446708
0.451969
0.447345
0.445685
0.449901
0.448171
0.446464
0.447641
0.445118
0.451745
0.45102
0.449955
0.453349
0.451184
0.445034
0.449313
0.449678
0.447642
0.448896
0.444465
0.453266
0.458365
0.451987
0.450425
0.448351
0.447204
0.444137
0.449776
0.44707
0.44968
0.449394
0.454264
0.454015
0.448706
0.452512
0.447867
0.449761
0.452267
0.450649
0.449562
0.449891
0.447297
0.441994
0.443999
0.443179
0.444178
0.446135
0.446779
0.445014
0.445011
0.447928
0.447349
0.447139
0.445982
0.444885
0.448618
0.448294
0.452105
0.453974
0.457196
0.452456
0.449629
0.445661
0.448537
0.44999
0.448255
0.448514
0.447488
0.44748
0.443258
0.440463
0.446829
0.447927
0.449376
0.445144
0.445429
0.447802
0.447455
0.445931
0.44407
0.446028
0.446761
0.446956
0.446445
0.443662
0.444251
0.446531
0.444778
0.441719
0.443457
0.445084
0.446664
0.446314
0.445056
0.446787
0.44953
0.4497
0.45036
0.449712
0.452968
0.447392
0.447794
0.451121
0.448891
0.452722
0.455657
0.448421
0.446574
0.447441
0.44283
0.445354
0.446653
0.448459
