4.44609
6.30086
3.5734
2.32712
3.49152
0.79317
1.61568
1.23665
0.861585
0.304359
3.34104
1.12402
0.902421
2.94572
0.690282
0.977568
0.408233
0.731851
1.03472
0.501399
0.770548
0.90459
0.372167
0.885174
0.700613
0.781835
0.811371
0.576223
0.575072
0.71228
0.839791
0.505143
0.387861
0.736635
0.752808
0.756056
0.344122
0.635192
0.50767
0.668124
0.478635
0.464834
0.601717
0.608701
0.551028
0.706234
0.331225
0.527244
0.405353
0.591963
0.574871
0.579118
0.734501
0.346552
0.697756
0.584921
0.635467
0.652036
0.359351
0.504642
0.524386
0.774129
0.294378
1.02047
0.470835
0.357944
0.361751
0.668053
0.386389
0.566275
0.718832
0.676899
0.519919
0.528526
0.471294
0.570083
0.347586
0.606035
0.736894
0.439882
0.488537
0.565632
0.516961
0.450239
0.555106
0.385169
0.428673
0.589727
0.367287
0.516066
0.478321
0.364097
0.681806
0.43872
0.500868
0.495042
0.330508
0.569411
0.510036
0.520586
0.384272
0.602274
0.558969
0.70433
0.276378
0.393498
0.250478
0.350665
0.63407
0.669012
0.303481
0.40847
0.582477
0.563716
0.545588
0.730829
0.568877
0.461045
0.576839
0.41178
0.372899
0.324308
0.619288
0.429095
0.337469
0.436583
0.50474
0.798001
0.427805
0.46917
0.546911
0.562945
0.325659
0.603471
0.392495
0.368003
0.265362
0.574865
0.347802
0.358423
0.253341
0.132425
0.462038
0.454011
0.587621
0.570303
0.435465
0.247038
0.648452
0.182025
0.355205
0.340952
0.208314
0.528176
0.158392
0.679729
0.647611
0.155576
0.676421
0.579434
0.295616
0.440946
0.750628
0.152108
0.598299
0.59864
0.3926
0.581828
0.514913
0.73483
0.750792
0.583959
0.527686
0.299448
0.262341
0.182028
0.091112
0.760766
0.63309
0.387134
0.946924
0.442904
0.364211
0.616688
1.05961
0.5287
0.508459
0.420532
0.39316
0.506649
0.287586
0.436939
0.52682
0.328425
0.712396
0.231591
0.319631
0.35048
0.781361
0.674044
0.512585
0.641927
0.688967
0.671641
0.52234
0.600075
0.482741
0.465231
0.344863
0.606388
0.731952
0.732706
0.517524
0.624503
0.416913
0.298903
0.251714
0.336765
0.155071
0.545683
0.718014
0.578472
0.565256
0.83207
0.320859
0.534174
0.677312
0.487424
0.144147
0.102756
0.560713
0.612938
0.400252
0.49706
0.365785
0.600624
0.634489
0.77957
0.626824
0.544678
0.480087
0.416005
0.365286
0.604689
0.587277
0.620956
0.604292
0.711201
0.578607
0.557005
0.46597
0.592933
0.50141
0.471173
0.413118
0.333292
0.495627
0.320828
0.46802
0.435856
0.491927
0.319435
0.803718
0.539968
0.52075
0.546343
0.440314
0.574718
0.334264
0.421482
0.425995
0.474371
0.342825
0.624519
0.468114
0.336687
0.41927
0.597169
0.525545
0.546167
0.429495
0.424105
0.546937
0.290426
0.756669
0.543234
0.280626
0.494378
0.0802263
0.384903
0.509326
0.371192
0.538149
0.05242
0.313517
0.741517
0.658724
0.365531
0.468011
0.434371
0.811504
0.645541
0.297706
0.561611
0.454937
0.677963
0.552074
0.283691
0.577328
0.53476
0.389042
0.399315
0.305213
0.619136
0.583177
0.434044
0.377821
0.618751
0.533942
0.38986
0.259491
0.417131
0.419249
0.455388
0.657601
0.528352
0.683077
0.598893
0.50746
0.686645
0.54023
0.597073
0.57197
0.329642
0.554559
0.590199
0.447794
0.422916
0.438369
0.476709
0.374219
0.510708
0.27372
0.547548
0.718503
0.708925
0.572959
0.549889
0.570619
0.518162
0.379545
0.557157
0.477415
0.384717
0.524652
0.702146
0.305719
0.378419
0.54051
0.246654
0.252469
0.480344
0.570455
0.439049
0.417848
0.543578
0.231631
0.187598
0.565516
0.475369
0.631772
0.628495
0.324943
0.217963
0.855428
0.366254
0.403691
0.530809
0.614207
0.312275
0.726329
0.430275
0.604779
0.422347
0.298518
0.631749
0.565517
0.255508
0.451458
0.347894
0.520456
0.215723
0.444634
0.532635
0.68707
0.57864
0.323599
0.613938
0.514593
0.27966
0.204509
0.561762
0.57761
0.774683
0.750245
0.438162
0.624318
0.366134
0.297531
0.48753
0.382979
0.38572
0.39099
0.454156
0.720566
0.55134
0.298481
0.421842
0.65815
0.502681
0.322448
0.494009
0.47813
0.538085
0.460734
0.191281
0.405822
0.568114
0.599842
0.392069
0.453396
0.89154
0.359215
0.4742
0.503611
0.513436
0.446889
0.44633
0.269918
0.498144
0.588832
0.416143
0.266405
0.362619
0.222401
0.312025
0.532175
0.270145
0.193472
0.223816
0.228505
0.34637
0.482685
0.821261
0.634354
0.182865
0.545681
0.796816
0.518572
0.579195
0.487907
0.419174
0.497873
0.357721
0.668203
0.602046
0.381824
0.481137
0.579034
0.393977
0.609807
0.647122
0.243784
0.191871
0.361671
0.504555
0.469307
0.46476
0.343798
0.349924
0.586141
0.586757
0.476134
0.372538
0.384127
0.456611
0.287208
0.61767
0.924283
0.526898
0.366726
0.703328
0.568627
0.54551
0.548735
0.427113
0.530381
0.552733
0.518523
0.689957
0.512558
0.629064
0.624219
0.48788
0.355334
0.324039
0.271244
0.458632
0.484313
0.481044
0.395532
0.938396
0.560416
0.221051
0.314557
0.438246
0.430974
0.446902
0.733185
0.418075
0.810085
0.182612
0.299586
0.373794
0.319034
0.615431
0.578091
0.828899
0.262237
0.274257
0.639359
0.559409
0.186397
0.689523
0.497613
0.562625
0.373175
0.550306
0.450988
0.483228
0.258666
0.470432
0.345137
0.578112
0.486389
0.471384
0.492554
0.325504
0.624449
0.473051
0.287612
0.729254
0.601154
0.55905
0.447331
0.404526
0.431642
0.309493
0.616324
0.839418
0.622035
0.622808
0.499789
0.326607
0.47983
0.533598
0.499363
0.44619
0.519088
0.434597
0.296873
0.480377
0.550981
0.363071
0.274938
0.620347
0.62969
0.456885
0.198039
0.312924
0.487307
0.494979
0.595671
0.426976
0.287436
0.598026
0.241218
0.646733
0.279917
0.397519
0.616357
0.228069
0.278266
0.649743
0.719563
0.542561
0.190131
0.387351
0.533961
0.68237
0.724027
0.449725
0.304968
0.342761
0.780892
0.346816
0.484893
0.488967
0.59211
0.852238
0.52908
0.210583
0.713943
0.538575
0.323441
0.523076
0.676148
0.386039
0.516522
0.53436
0.356135
0.259884
0.512243
0.36484
0.52792
0.561299
0.427768
0.780475
0.600202
0.445649
0.64359
0.777882
0.507331
0.403812
0.507918
0.374761
0.325155
0.459729
0.560213
0.576389
0.508926
0.366657
0.339678
0.598204
0.765166
0.593394
0.358806
0.455592
0.293753
0.664263
0.47925
0.50114
0.431688
0.610491
0.354058
0.526581
0.469778
0.561472
0.382162
0.675163
0.521278
0.251806
0.447446
0.546188
0.427423
0.43433
0.564295
0.506455
0.579462
0.398981
0.341452
0.65454
0.590971
0.474731
0.426245
0.39846
0.587005
0.448107
0.732981
0.523229
0.534619
0.576763
0.486227
0.369472
0.541197
0.370626
0.481468
0.317672
0.572719
0.463328
0.516732
0.583732
0.588468
0.410965
0.550315
0.626663
0.436321
0.419096
0.613213
0.470699
0.467153
0.559656
0.383344
0.352476
0.480857
0.243016
0.265658
0.369756
0.642662
0.623019
0.603667
0.565343
0.543633
0.600566
0.605054
0.517847
0.325024
0.404289
0.216691
0.627468
0.351943
0.535495
0.34273
0.365598
0.383076
0.569387
0.222263
0.389554
0.41822
0.331651
0.56768
0.511249
0.55368
0.527755
0.405199
0.553025
0.650219
0.366487
0.389198
0.382707
0.347865
0.838419
0.232812
0.481172
0.595721
0.586299
0.596015
0.539508
0.440365
0.565101
0.444896
0.376876
0.483291
0.594643
0.486279
0.395398
0.297535
0.478083
0.462294
0.295138
0.388578
0.625623
0.417264
0.280279
0.269163
0.478027
0.503945
0.675001
0.6787
0.235429
0.460857
0.410958
0.346005
0.524715
0.477888
0.461983
0.66046
0.430466
0.35002
0.680094
0.534684
0.542001
0.809176
0.321543
0.392984
0.794358
0.645871
0.616311
0.559517
0.546996
0.672686
0.377932
0.70136
0.286165
0.727053
0.559354
0.407043
0.325942
0.651659
0.688787
0.477692
0.530958
0.668502
0.545784
0.406118
0.538726
0.522103
0.283462
0.504725
0.419217
0.601979
0.492764
0.384467
0.410979
0.317222
0.515366
0.318335
0.376982
0.634335
0.354569
0.647611
0.465328
0.27254
0.247571
0.331661
0.61066
0.540548
0.466156
0.422176
0.691472
0.544202
0.806055
0.493418
0.410305
0.572675
0.561085
0.517049
0.520394
0.352078
0.309206
0.616214
0.310925
0.498117
0.260876
0.312651
0.508981
0.689845
0.441835
0.246625
0.307898
0.554337
0.618356
0.505298
0.47514
0.66063
0.448693
0.361312
0.477668
0.637173
0.577805
0.423709
0.551102
0.407661
0.2048
0.289846
0.551481
0.593578
0.723984
0.56864
0.440744
0.557629
0.557032
0.281446
0.636888
0.501338
0.380278
0.46625
0.578867
0.795024
0.422509
0.598313
0.409334
0.37172
0.427764
0.675722
0.435829
0.410358
0.52043
0.376589
0.452516
0.326109
0.504961
0.199606
0.238869
0.427435
0.405589
0.34027
0.208225
0.384414
0.458752
0.630205
0.686118
0.452823
0.832376
0.41964
0.263111
0.596291
0.268132
0.58373
0.363722
0.531583
0.374587
0.753918
0.726498
0.280119
0.20642
0.42352
0.502661
0.543984
0.319138
0.286616
0.529948
0.166549
0.414336
0.0892592
0.552237
0.387645
0.507336
0.582681
0.488121
0.306609
0.500998
0.572083
0.475876
0.501862
0.366612
0.479082
0.419811
0.326451
0.757984
0.346731
0.347519
0.340773
0.629519
0.279316
0.492763
0.194473
0.244737
0.545869
0.164652
0.420171
0.623156
0.395895
0.495893
0.506829
0.568379
0.512662
0.42902
0.651172
0.469121
0.333823
0.48336
0.573079
0.593755
0.378877
0.56367
0.368865
0.680401
0.637384
0.490726
0.508524
0.4099
0.398433
0.267045
0.671047
0.383512
0.373295
0.405759
0.617661
0.689146
0.483661
0.610745
0.375205
0.527901
0.415069
0.770713
0.771402
0.790617
0.642651
0.540691
0.389041
0.606805
0.417755
0.408379
0.541274
0.530404
0.474689
0.469849
0.432291
0.552807
0.398897
0.597338
0.270065
0.664405
0.392959
0.227509
0.401794
0.564834
0.459231
0.655089
0.608849
0.30342
0.466024
0.527483
0.604518
0.192252
0.748673
0.281988
0.594482
0.56532
0.434092
0.687206
0.625088
0.52464
0.398799
0.316367
0.241149
0.469784
0.523912
0.343872
0.209948
0.64193
0.247996
0.53617
0.559571
0.47535
0.602552
0.453609
0.272774
0.417718
0.727663
0.547418
0.361066
0.43706
0.532058
0.583042
0.354788
0.566088
0.432129
0.573944
0.420486
0.48285
0.42681
0.497843
0.456302
0.448157
0.310462
0.396336
0.531439
0.455444
0.417297
0.346463
0.388168
0.349413
0.425652
0.547633
0.521354
0.422868
0.519612
0.393512
0.282375
0.238946
0.410009
0.606737
0.67112
0.489208
0.739712
0.294126
0.775414
0.558566
0.749038
0.274981
0.425263
0.671155
0.469754
0.641662
0.517824
0.491781
0.587558
0.419841
0.302055
0.531798
0.325053
0.561282
0.358424
0.542425
0.236263
0.437363
0.540083
0.475104
0.570129
0.317654
0.392202
0.443964
0.466368
0.54238
0.512516
0.621579
0.28629
0.647495
0.20007
0.468209
0.354472
0.488541
0.30496
0.460476
0.274058
0.509293
0.566813
0.288902
0.178963
0.566943
0.582291
0.705456
0.232456
0.532111
0.38726
0.34634
0.286879
0.654277
0.213126
0.514359
0.445538
0.36556
0.280095
0.188715
0.426971
0.529458
0.568096
0.650456
0.485866
0.393546
0.388507
0.661342
0.221835
0.457972
0.49302
0.508556
0.390174
0.478098
0.611267
0.517794
0.353297
0.41779
0.442947
0.296254
0.444503
0.393371
0.554467
0.557697
0.690697
0.765795
0.486895
0.732144
0.195834
0.539949
0.328151
0.561953
0.29527
0.519895
0.195128
0.669443
0.493005
0.287779
0.524683
0.407089
0.223646
0.522489
0.482552
0.537131
0.458405
0.394218
0.515492
0.527292
0.547809
0.360743
0.537846
0.414345
0.401932
0.258237
0.299337
0.647668
0.507303
0.447984
0.441406
0.598682
0.448211
0.526255
0.408033
0.284759
0.354614
0.410662
0.432558
0.511158
0.218883
0.4998
0.703477
0.631748
0.513664
0.474812
0.475716
0.293158
0.424443
0.372508
0.417488
0.530744
0.455693
0.400151
0.54896
0.707114
0.303087
0.580785
0.544734
0.384622
0.333439
0.448503
0.483039
0.475352
0.346185
0.317038
0.426405
0.332703
0.569943
0.426479
0.338087
0.319347
0.325826
0.311303
0.587212
0.678697
0.249632
0.666328
0.71425
0.548624
0.461807
0.668264
0.461876
0.512277
0.713277
0.726947
0.451661
0.42285
0.410328
0.455502
0.494902
0.35557
0.718495
0.452444
0.372709
0.301732
0.461002
0.377211
0.382961
0.685875
0.39591
0.715795
0.354466
0.324916
0.472882
0.775897
0.210278
0.346952
0.533526
0.245751
0.304349
0.581548
0.608812
0.170233
0.516982
0.1173
0.607074
0.410773
0.391089
0.391176
0.746307
0.610389
0.191784
0.371701
0.482652
0.363568
0.536943
0.179441
0.561022
0.642648
0.452305
0.530508
0.606078
0.284252
0.428319
0.537574
0.31295
0.657932
0.63351
0.392765
0.522082
0.358233
0.444104
0.337464
0.320256
0.285654
0.398545
0.411012
0.766051
0.513793
0.300199
0.491292
0.554372
0.234228
0.380155
0.290453
0.503143
0.627835
0.626237
0.376747
0.256725
0.39903
0.321041
0.609978
0.353524
0.192767
0.559979
0.148384
0.412957
0.639604
0.261606
0.32042
0.410228
0.256585
0.484068
0.256208
0.678027
0.233907
0.123044
0.540293
0.535103
0.132136
0.686019
0.454747
0.274708
0.665936
0.458218
0.498884
0.721203
0.537183
0.572578
0.485926
0.405107
0.506661
0.272589
0.446794
0.205242
0.382203
0.342153
0.380106
0.233818
0.346533
0.532122
0.271279
0.576092
0.596865
0.652206
0.544774
0.489609
0.622469
0.469945
0.341009
0.309031
0.688144
0.451154
0.548588
0.53081
0.397928
0.330024
0.300324
0.507862
0.511659
0.50767
0.485638
0.439248
0.705836
0.336535
0.372084
0.477859
0.252608
0.189997
0.429769
0.662604
0.308578
0.568379
0.230306
0.669559
0.593708
0.551586
0.350598
0.429418
0.405597
0.300574
0.649689
0.666981
0.527737
0.432716
0.399627
0.386023
0.378357
0.294759
0.3527
0.647695
0.246236
0.487151
0.526469
0.174205
0.624587
0.609166
0.425014
0.663125
0.466715
0.537066
0.364923
0.257187
0.566159
0.170879
0.464558
0.581498
0.377489
0.420273
0.588154
0.400656
0.621563
0.417152
0.222243
0.523945
0.379698
0.282187
0.291597
0.671866
0.383643
0.143587
0.34766
0.468009
0.564057
0.219069
0.532386
0.52154
0.678768
0.517096
0.388763
0.439176
0.6163
0.226733
0.776483
0.373637
0.276454
0.319594
0.575629
0.483733
0.334424
0.594067
0.703936
0.436701
0.574845
0.670237
0.378882
0.432708
0.763557
0.273676
0.434806
0.444095
0.587382
0.528669
0.53121
0.479853
0.468414
0.39352
0.300879
0.648654
0.680667
0.401922
0.507164
0.648117
0.305766
0.384206
0.312134
0.200123
0.307761
0.618713
0.636292
0.273453
0.22718
0.768852
0.497656
0.72852
0.5348
0.198648
0.34888
0.606471
0.689684
0.452926
0.499623
0.421823
0.385507
0.413663
0.280361
0.550808
0.283407
0.226402
0.548915
0.36467
0.4584
0.359654
0.656274
0.548895
0.163173
0.400097
0.675704
0.304425
0.416851
0.618684
0.685069
0.444945
0.775385
0.764828
0.64521
0.28487
0.357853
0.391611
0.255838
0.309314
0.249099
0.344787
0.614774
0.520063
0.636442
0.560713
0.564393
0.31841
0.235455
0.640794
0.448653
0.487138
0.672281
0.462411
0.26515
0.650787
0.34588
0.380654
0.171953
0.216875
0.395097
0.772013
0.555083
0.774054
0.731955
0.511776
0.336184
0.32134
0.478999
0.687394
0.527867
0.200433
0.482923
0.465495
0.379168
0.182036
0.33839
0.506435
0.250063
0.295775
0.286504
0.618051
0.667664
0.362846
0.536055
0.411901
0.556315
0.562662
0.561311
0.500804
0.340212
0.222335
0.382738
0.487741
0.413975
0.519097
0.507955
0.580352
0.411166
0.323522
0.453994
0.310708
0.317366
0.62154
0.216637
0.263266
0.132917
0.639398
0.419128
0.564795
0.635308
0.30118
0.392413
0.236356
0.311744
0.0756548
0.674254
0.723367
0.16666
0.736924
0.331212
0.503602
0.254647
0.221978
0.538192
0.529741
0.407615
0.337131
0.639474
0.442749
0.388867
0.651021
0.566965
0.453309
0.468462
0.613216
0.71563
0.486623
0.763975
0.583506
0.554879
0.641081
0.420274
0.372878
0.277056
0.584589
0.540623
0.751635
0.347621
0.520674
0.594785
0.671916
0.491565
0.464679
0.473742
0.329393
0.445166
0.332052
0.561555
0.475834
0.374165
0.660904
0.594511
0.606172
0.558353
0.528345
0.781068
0.371261
0.557172
0.448565
0.283493
0.423211
0.597941
0.614507
0.781491
0.481606
0.63117
0.398193
0.278683
0.498151
0.178958
0.362809
0.293778
0.435229
0.702314
0.534393
0.567363
0.565305
0.646917
0.459388
0.551495
0.340533
0.492294
0.442519
0.285715
0.497451
0.631951
0.519161
0.133025
0.661837
0.336873
0.610248
0.582966
0.593993
0.608409
0.410517
0.532488
0.422182
0.397407
0.287347
0.232721
0.511237
0.626613
0.565267
0.277271
0.331303
0.503062
0.446197
0.396484
0.40158
0.318644
0.461033
0.535929
0.532742
0.326855
0.418952
0.292246
0.343289
0.177769
0.221499
0.511858
0.504339
0.541989
0.375607
0.634237
0.663818
0.43359
0.265049
0.438352
0.480313
0.646898
0.642292
0.542364
0.353361
0.582854
0.396757
0.425451
0.652612
0.570563
0.438839
0.532576
0.550648
0.388746
0.401254
0.282694
0.905447
0.458903
0.327382
0.585602
0.64037
0.521389
0.504782
0.436374
0.556066
0.325241
0.460614
0.527782
0.216064
0.490865
0.341879
0.56494
0.295753
0.670931
0.398004
0.241623
0.683917
0.567026
0.414976
0.447075
0.458533
0.225378
0.444327
0.410181
0.786911
0.453809
0.132486
0.475868
0.309368
0.622525
0.199992
0.481009
0.394156
0.458179
0.597027
0.65468
0.599992
0.486147
0.409151
0.537311
0.454824
0.435506
0.611339
0.386245
0.424073
0.583613
0.510705
0.665693
0.276355
0.487487
0.213116
0.13188
0.380037
0.313316
0.0906319
0.069105
0.821307
0.470356
0.431711
0.683259
0.683749
0.430188
0.697148
0.504121
0.52261
0.467266
0.369415
0.513987
0.443821
0.4762
0.679788
0.360556
0.345717
0.504533
0.376795
0.225399
0.43748
0.617751
0.462824
0.401163
0.543617
0.423575
0.32301
0.228955
0.504336
0.391223
0.277585
0.671183
0.398246
0.254933
0.453472
0.778823
0.542593
0.250146
0.549248
0.635337
0.44336
0.42147
0.9405
0.377873
0.475288
0.430763
0.535062
0.406684
0.398463
0.641761
0.676938
0.390939
0.66484
0.435084
0.324683
0.448985
0.293039
0.533841
0.421275
0.464602
0.583693
0.484053
0.532964
0.481612
0.411746
0.514684
0.292997
0.467358
0.551002
0.597782
0.420218
0.545696
0.59391
0.38068
0.51579
0.206909
0.67591
0.390711
0.606761
0.304415
0.596729
0.298307
0.456576
0.487921
0.682631
0.382197
0.304886
0.576938
0.478781
0.359804
0.368866
0.449864
0.586615
0.325702
0.562339
0.331891
0.490006
0.376612
0.57365
0.415534
0.252072
0.437069
0.447284
0.758532
0.421647
0.30699
0.623836
0.25057
0.289141
0.118334
0.796613
0.394394
0.639421
0.553568
0.396315
0.579562
0.370374
0.590514
0.63294
0.398822
0.375387
0.385802
0.300198
0.166709
0.525438
0.686868
0.33931
0.346217
0.240794
0.43068
0.371308
0.454988
0.387318
0.635531
0.433488
0.562405
0.362613
0.391288
0.656657
0.361503
0.446279
0.56573
0.654346
0.262256
0.312585
0.363786
0.16085
0.322447
0.780043
0.672601
0.496645
0.495827
0.458095
0.449161
0.301169
0.219677
0.425007
0.452697
0.589578
0.207271
0.370536
0.297822
0.435539
0.592558
0.395128
0.663697
1.13007
0.396155
0.389686
0.497065
0.343596
0.51259
0.350182
0.440412
0.252502
0.676399
0.54649
0.327161
0.304677
0.354613
0.668716
0.196212
0.297428
0.818204
0.562549
0.228776
0.412928
0.154118
0.340476
0.51443
0.248835
0.52779
0.31793
0.895055
0.635748
0.368691
0.693435
0.51633
0.380792
0.656475
0.319208
0.571736
0.397044
0.315006
0.551319
0.459696
0.342052
0.24318
0.649555
0.582563
0.119526
0.590859
0.394612
0.423787
0.497794
0.580145
0.348191
0.526144
0.80854
0.440399
0.586885
0.181437
0.306477
0.557032
0.552114
0.329868
0.492208
0.465992
0.647835
0.364966
0.647662
0.565939
0.637111
0.638719
0.400026
0.567527
0.669286
0.335388
0.452524
0.360847
0.450968
0.381615
0.382769
0.454778
0.624943
0.371058
0.474372
0.421316
0.175168
0.650729
0.429808
0.27953
0.472073
0.43727
0.42247
0.498615
0.667251
0.445462
0.467607
0.321138
0.418102
0.181448
0.253205
0.504004
0.359988
0.332358
0.436807
0.583602
0.217043
0.811624
0.436703
0.512253
0.305607
0.778522
0.684214
0.569417
0.422557
0.419199
0.318675
0.569177
0.670313
0.482797
0.459687
0.561316
0.250189
0.590717
0.593647
0.479734
0.530647
0.476202
0.395542
0.217155
0.503426
0.227499
0.549496
0.47556
0.569529
0.162235
0.357695
0.720183
0.259704
0.495867
0.67029
0.302388
0.477607
0.324016
0.378014
0.529081
0.318584
0.64637
0.556349
0.194759
0.413698
0.344254
0.544213
0.738224
0.352483
0.539212
0.433686
0.356356
0.464648
0.481961
0.569764
0.908247
0.41995
0.357791
0.376524
0.535759
0.39299
0.572168
0.58547
0.513641
0.473542
0.459536
0.359504
0.336975
0.48211
0.648205
0.431781
0.331755
0.309212
0.515548
0.363116
0.565369
0.522561
0.399108
0.555446
0.285362
0.663082
0.517524
0.82532
0.585681
0.341761
0.470378
0.312868
0.291117
0.940873
0.48073
0.694436
0.585332
0.57889
0.387282
0.499297
0.385088
0.490965
0.793332
0.372912
0.420338
0.343959
0.628962
0.391721
0.489547
0.40319
0.219858
0.298468
0.590208
0.16571
0.639356
0.697376
0.394204
0.246307
0.591983
0.588645
0.33218
0.47644
0.434454
0.238369
0.392015
0.320281
0.626648
0.368307
0.170309
0.456063
0.550005
0.364217
0.086792
0.444116
0.22314
0.739005
0.226614
0.604947
0.279697
0.624594
0.396158
0.288783
0.754428
0.420564
0.67223
0.841395
0.466635
0.250301
0.461865
0.786708
0.766003
0.239654
0.547434
0.387458
0.429282
0.734778
0.547165
0.520759
0.472078
0.343851
0.348675
0.762631
0.25537
0.422573
0.307064
0.578813
0.62264
0.418885
0.831879
0.647122
0.249714
0.394065
0.327085
0.453748
0.469526
0.575955
0.547627
0.538911
0.397116
0.528398
0.454638
0.659305
0.437101
0.412097
0.479969
0.660622
0.932964
0.407019
0.625391
0.450532
0.47099
0.532816
0.328932
0.324746
0.460462
0.391751
0.433248
0.545714
0.425159
0.618754
0.449632
0.386438
0.339793
0.661322
0.420034
0.496754
0.385618
0.36925
0.384009
0.262674
0.28715
0.267702
0.644845
0.446339
0.26381
0.445484
0.470436
0.354077
0.643879
0.387635
0.174494
0.199033
0.696499
0.57505
0.34238
0.691479
0.468523
0.378008
0.344097
0.304034
0.330289
0.650814
0.299038
0.462649
0.192369
0.395488
0.437851
0.481545
0.40241
0.672725
0.509281
0.381653
0.579293
0.75433
0.411138
0.523402
0.402584
0.521246
0.270589
0.655964
0.393106
0.444185
0.441842
0.522832
0.288686
0.597684
0.571885
0.948822
0.603373
0.185815
0.453615
0.427293
0.583961
0.429456
0.42302
0.336239
0.560469
0.505637
0.504836
0.565033
0.653456
0.445726
0.358682
0.485556
0.467377
0.820918
0.68025
0.365813
0.368483
0.272291
0.180335
0.629817
0.457204
0.234132
0.603757
0.514863
0.613019
0.595176
0.369891
0.345264
0.340991
0.246515
0.275782
0.20515
0.594784
0.371139
0.610192
0.601097
0.595339
0.513622
0.536858
0.489221
0.446647
0.556269
0.502758
0.466354
0.386279
0.585768
0.472228
0.267061
0.337145
0.572556
0.42614
0.382679
0.345067
0.367184
0.280844
0.261822
0.715394
0.477447
0.428234
0.527694
0.517709
0.45926
0.310581
0.26711
0.580466
0.457559
0.760943
0.398118
0.613371
0.547679
0.491721
0.441611
0.292848
0.449322
0.177451
0.145101
0.510615
0.378474
0.500002
0.536407
0.377048
0.161302
0.346361
0.180292
0.101562
0.596731
0.563631
0.513591
0.310898
0.536469
0.630947
0.403315
0.181083
0.412183
0.54857
0.293298
0.53506
0.587971
0.396276
0.6689
0.367524
0.295946
0.207496
0.891955
0.472906
0.555337
0.252741
0.532521
0.470777
0.441258
0.277456
0.294833
0.360386
0.686549
0.451466
0.491123
0.54117
0.228891
0.5668
0.57201
0.463413
0.472015
0.540772
0.325462
0.278145
0.49148
0.556121
0.575771
0.618432
0.536515
0.315938
0.334995
0.465162
0.355702
0.195157
0.657122
0.442878
0.592754
0.284889
0.527421
0.572396
0.321526
0.600584
0.135136
0.409076
0.550229
0.28565
0.540415
0.36475
0.268673
0.395076
0.214895
0.557698
0.399659
0.48197
0.609446
0.480411
0.182328
0.13016
0.561888
0.339412
0.634537
0.0947194
0.772113
0.325576
0.694695
0.544112
0.441873
0.532352
0.450005
0.490319
0.191946
0.266121
0.4479
0.541403
0.526392
0.596223
0.531716
0.307957
0.802261
0.586749
0.286388
0.562728
0.424818
0.241859
0.229515
0.597595
0.336335
0.632644
0.707298
0.483359
0.818261
0.419795
0.415241
0.445321
0.357458
0.597758
0.578535
0.376602
0.305699
0.320447
0.436892
0.754233
0.621721
0.589656
0.497469
0.424428
0.386154
0.638924
0.477174
0.409058
0.540316
0.371252
0.379718
0.572509
0.469423
0.647917
0.29894
0.271743
0.600306
0.502277
0.508492
0.655643
0.659341
0.716192
0.552139
0.544266
0.440129
0.583477
0.31905
0.663233
0.278498
0.502332
0.530227
0.171342
0.456087
0.479415
0.674804
0.68149
0.454522
0.926621
0.312107
0.572626
0.319275
0.2884
0.425604
0.463949
0.47603
0.306753
0.473052
0.212312
0.545041
0.182278
0.479312
0.476558
0.333759
0.408181
0.585755
0.641488
0.563856
0.288577
0.223218
0.432098
0.5711
0.677945
0.206116
0.336591
0.43515
0.455399
0.481611
0.707731
0.666345
0.357224
0.628618
0.265844
0.391349
0.275214
0.637865
0.479391
0.410346
0.41876
0.31522
0.555173
0.589171
0.326133
0.335247
0.29756
0.179795
0.652379
0.404649
0.615631
0.529363
0.748368
0.216577
0.763081
0.479936
0.667151
0.641761
0.380628
0.400951
0.596203
0.715147
0.412503
0.521701
0.532475
0.785026
0.383556
0.333001
0.579141
0.458756
0.711534
0.578379
0.410747
0.479832
0.514801
0.465104
0.437716
0.327147
0.428763
0.715411
0.591307
0.378098
0.413731
0.522959
0.373592
0.451923
0.459088
0.453851
0.354871
0.608259
0.405382
0.408592
0.46428
0.317273
0.355735
0.526693
0.417646
0.516381
0.488268
0.405809
0.316749
0.882772
0.369474
0.48344
0.221667
0.581513
0.534246
0.259536
0.412966
0.555737
0.718156
0.540283
0.560987
0.43829
0.445684
0.219363
0.268079
0.394463
0.535207
0.385491
0.400361
0.172303
0.379422
0.126463
0.554034
0.190641
0.590661
0.297139
0.349166
0.847936
0.699061
0.535034
0.317087
0.756341
0.368531
0.275521
0.415657
0.297612
0.48579
0.275752
0.501143
0.338828
0.396702
0.151107
0.694274
0.545523
0.505484
0.640369
0.815348
0.261827
0.487437
0.842763
0.689756
0.519424
0.185115
0.351678
0.355384
0.181508
0.780941
0.50608
0.259539
0.482206
0.817791
0.730112
0.721552
0.646926
0.444901
0.397523
0.489243
0.496223
0.513804
0.430462
0.696682
0.232843
0.393631
0.141205
0.286827
0.613294
0.632509
0.417776
0.681214
0.444565
0.688926
0.346785
0.221082
0.329527
0.174815
0.623238
0.560142
0.413737
0.734501
0.35324
0.683976
0.514437
0.412349
0.23071
0.332632
0.496209
0.636375
0.568508
0.506846
0.359123
0.331247
0.564975
0.482002
0.485706
0.316564
0.53355
0.572361
0.543503
0.464184
0.455861
0.580919
0.33229
0.402081
0.634969
0.295203
0.255407
0.671067
0.495447
0.312387
0.340163
0.441384
0.494034
0.655933
0.496895
0.284837
0.683068
0.475735
0.50917
0.306681
0.340496
0.418286
0.296991
0.62443
0.481978
0.536819
0.508687
0.600652
0.988221
0.381896
0.366171
0.459228
0.580172
0.362612
0.456044
0.461612
0.455028
0.324283
0.645091
0.177516
0.289433
0.188685
0.427007
0.366977
0.404358
0.541505
0.334537
0.443503
0.270383
0.417114
0.450799
0.153179
0.186549
0.0957704
0.517195
0.791748
0.584423
0.584609
0.516522
0.587916
0.683168
0.502312
0.42224
0.292627
0.692213
0.257649
0.642363
0.49787
0.302152
0.409501
0.509204
0.365431
0.285185
0.26706
0.205707
0.553658
0.125991
0.782296
0.38358
0.580597
0.65056
0.590298
0.29289
0.326792
0.39441
0.525337
0.448318
0.470159
0.450043
0.38741
0.280836
0.810108
0.313475
0.63467
0.180794
0.448783
0.498803
0.492077
0.627209
0.74958
0.588129
0.50564
0.675662
0.512326
0.492896
0.23392
0.389346
0.465545
0.767953
0.494574
0.521671
0.545759
0.318308
0.451887
0.309353
0.641284
0.571891
0.547254
0.632684
0.3861
0.710678
0.478629
0.508989
0.43064
0.499992
0.260689
0.365138
0.27447
0.479129
0.330409
0.705672
0.661742
0.493206
0.223131
0.18171
0.368792
0.312207
0.380057
0.526941
0.261606
0.523004
0.610191
0.450083
0.356675
0.555492
0.582645
0.147768
0.381536
0.523019
0.852113
0.796822
0.316428
0.209747
0.65997
0.542535
0.415482
0.226753
0.199099
0.373702
0.0982994
0.0586399
0.654976
0.615328
0.438858
0.383852
0.542048
0.695955
0.643509
0.711694
0.398977
0.313602
0.499848
0.571031
0.688069
0.38088
0.535609
0.448734
0.527228
0.328333
0.307002
0.239892
0.411423
0.175418
0.494112
0.755488
0.876836
0.582654
0.565496
0.565033
0.265886
0.452925
0.393242
0.44632
0.504202
0.391417
0.332877
0.696388
0.471883
0.370733
0.739804
0.362026
0.293804
0.61858
0.491099
0.229705
0.386929
0.49162
0.219436
0.317966
0.365803
0.305032
0.228725
0.786861
0.611351
0.343807
0.519581
0.57406
0.819847
0.245757
0.530834
0.191904
0.779743
0.181752
0.475998
0.410658
0.342192
0.674876
0.493744
0.366714
0.35097
0.270014
0.677239
0.568095
0.242346
0.427609
0.265576
0.617699
0.292081
0.502236
0.461794
0.24686
0.342206
0.505651
0.200823
0.748315
0.274719
0.322923
0.846849
0.361144
0.541583
0.772799
0.695512
0.431179
0.593784
0.372617
0.308648
0.576355
0.37762
0.513219
0.704673
0.52652
0.796543
0.312024
0.726774
0.423573
0.57781
0.463069
0.44967
0.193109
0.708997
0.556222
0.451429
0.33749
0.36114
0.537935
0.418194
0.418368
0.371743
0.849895
0.60039
0.447093
0.312298
0.35896
0.311416
0.308988
0.560461
0.408215
0.49757
0.422787
0.536363
0.440953
0.504193
0.502843
0.599527
0.58006
0.235439
0.259576
0.48258
0.747013
0.271258
0.997119
0.213965
0.168528
0.470408
0.632733
0.498678
0.257755
0.376847
0.442025
0.768058
0.601783
0.227665
0.42096
0.329781
0.249117
0.18735
0.492013
0.471936
0.562714
0.417277
0.449765
0.39888
0.261758
0.410184
0.435803
0.794267
0.603194
0.279571
0.314693
0.610451
0.323464
0.683008
0.282243
0.620042
0.570223
0.25975
0.520953
0.657148
0.606889
0.598941
0.546114
0.500703
0.675164
0.436755
0.478047
0.522243
0.579304
0.625153
0.373861
0.34591
0.659055
0.591893
0.474534
0.322539
0.633469
0.321303
0.760593
0.36385
0.741552
0.582814
0.523012
0.391315
0.270261
0.672558
0.590583
0.465813
0.50411
0.520367
0.55338
0.575419
0.331448
0.55935
0.518348
0.389776
0.381636
0.686096
0.622641
0.34809
0.35489
0.677954
0.282799
0.735568
0.335777
0.510425
0.896111
0.553113
0.314144
0.838025
0.375967
0.59204
0.156711
0.622915
0.467295
0.618414
0.235418
0.278309
0.482025
0.257802
0.251097
0.716503
0.739966
0.472202
0.632687
0.722931
0.287266
0.55187
0.567818
0.514668
0.352883
0.712837
0.316581
0.644343
0.527093
0.507229
0.304902
0.212263
0.53613
0.444327
0.470238
0.502555
0.535653
0.468087
0.640276
0.607654
0.467448
0.45297
0.591678
0.426456
0.560882
0.603154
0.571102
0.413663
0.404763
0.351218
0.330215
0.254704
0.593253
0.613248
0.527784
0.324125
0.451532
0.595299
0.347543
0.551658
0.371273
0.323023
0.317708
0.568396
0.432846
0.457308
0.316301
0.323766
0.42809
0.298309
0.718097
0.574425
0.391678
0.229241
0.655571
0.317969
0.215443
0.521195
0.338805
0.394225
0.816677
0.449799
0.421431
0.226319
0.708821
0.610818
0.521457
0.436631
0.672099
0.409407
0.397973
0.251287
0.394278
0.454491
0.408802
0.394878
0.483452
0.231868
0.575647
0.296016
0.14213
0.20993
0.65878
0.726453
0.657651
0.430313
0.184385
0.244951
0.187504
0.482553
0.701487
0.417623
0.554462
0.250362
0.382464
0.277519
0.530441
0.224903
0.401933
0.531701
0.623253
0.408573
0.42641
0.200284
0.659026
0.578204
0.70126
0.517033
0.537074
0.604404
0.479816
0.552932
0.336916
0.621628
0.298783
0.503153
0.256778
0.295145
0.707083
0.75414
0.244878
0.387551
0.456492
0.477935
0.249359
0.729954
0.462943
0.619458
0.272912
0.468632
0.420891
0.261952
0.695978
0.462428
0.281585
0.29726
0.237231
0.440477
0.242215
0.434959
0.599387
0.244677
0.265486
0.4877
0.346121
0.630767
0.56927
0.121895
0.371158
0.0605716
0.733752
0.363731
0.692435
0.453801
0.475754
0.585888
0.422634
0.386401
0.469249
0.405987
0.475559
0.30339
0.438999
0.305986
0.497456
0.316253
0.433671
0.770106
0.487514
0.339221
0.597053
0.411289
0.270058
0.346666
0.276137
0.413648
0.544406
0.231363
0.315716
0.31038
0.565975
0.291043
0.662236
0.591463
0.233935
0.469605
0.295291
0.642731
0.230499
0.521817
0.400637
0.485039
0.679999
0.412892
0.549101
0.350333
0.509683
0.415033
0.920347
0.268105
0.590915
0.253188
0.593595
0.442175
0.426535
0.706333
0.518041
0.423317
0.449664
0.711766
0.298508
0.254618
0.661324
0.368096
0.274634
0.457879
0.418107
0.365344
0.353931
0.266325
0.359657
0.350286
0.319606
0.546714
0.550053
0.652595
0.541175
0.470223
0.308427
0.488266
0.379815
0.569901
0.39418
0.332495
0.258067
0.220471
0.416085
0.614511
0.535635
0.337818
0.260549
0.460298
0.607659
0.162984
0.723046
0.507643
0.348916
0.549144
0.651686
0.453867
0.434196
0.448076
0.472191
0.989456
0.500547
0.684979
0.587115
0.39352
0.552456
0.605059
0.374949
0.493843
0.51642
0.518683
0.329891
0.295648
0.423933
0.460632
0.279834
0.438263
0.566282
0.421259
0.296292
0.385278
0.574627
0.383178
0.257093
0.615412
0.443115
0.23251
0.716518
0.43494
0.212722
0.473908
0.423091
0.307257
0.684473
0.672262
0.588554
0.653891
0.431919
0.488234
0.531495
0.717093
0.533615
0.758894
0.415394
0.626109
0.357433
0.478836
0.498869
0.40797
0.397591
0.459341
0.469307
0.572739
0.420908
0.563598
0.347631
0.459451
0.337816
0.522811
0.342795
0.483082
0.266396
0.395814
0.372014
0.75076
0.405405
0.542782
0.401893
0.587689
0.360863
0.588581
0.387302
0.285681
0.84289
0.568566
0.4396
0.514672
0.552604
0.437472
0.525826
0.45365
0.314902
0.713421
0.441493
0.352029
0.4751
0.249671
0.551499
0.467295
0.550659
0.480888
0.527253
0.318589
0.398966
0.383876
0.295785
0.210619
0.565746
0.406428
0.694468
0.38756
0.247969
0.378411
0.354425
0.520771
0.372703
0.612602
0.55362
0.457324
0.391886
0.456429
0.56262
0.353282
0.504527
0.333294
0.535893
0.256051
0.508634
0.503759
0.30319
0.331669
0.705034
0.207716
0.440799
0.611244
0.283598
0.772966
0.580862
0.495017
0.624363
0.668686
0.321866
0.375969
0.535402
0.295395
0.473358
0.506307
0.373071
0.572026
0.365853
0.65513
0.510183
0.381423
0.695782
0.498787
0.472951
0.494454
0.607952
0.338449
0.510348
0.393611
0.432961
0.428717
0.262321
0.393461
0.576161
0.639779
0.564519
0.502405
0.513456
0.290107
0.710398
0.515555
0.630186
0.379608
0.48875
0.380848
0.293094
0.632298
0.44723
0.37905
0.643894
0.500676
0.277658
0.240142
0.469876
0.577297
0.321175
0.333928
0.702672
0.221079
0.642948
0.649889
0.51294
0.540366
0.518633
0.341156
0.502428
0.432662
0.469317
0.588828
0.494733
0.235784
0.42758
0.303182
0.641204
0.311626
0.534284
0.702778
0.546137
0.228278
0.498189
0.154628
0.504077
0.520606
0.345889
0.494297
0.400747
0.624285
0.7299
0.297687
0.448306
0.361996
0.208021
0.390312
0.117097
0.695721
0.470466
0.250921
0.241278
0.610449
0.402874
0.469149
0.434811
0.266971
0.313067
0.470607
0.17785
0.243127
0.403296
0.728353
0.395145
0.96384
0.351445
0.466715
0.59768
0.619834
0.357269
0.565526
0.183571
0.248556
0.355713
0.642289
0.550013
0.713803
0.441296
0.36373
0.453653
0.415576
0.207077
0.36999
0.462667
0.209357
0.567745
0.671707
0.677814
0.587674
0.308948
0.587715
0.746966
0.48014
0.446642
0.508484
0.362039
0.750481
0.469728
0.229807
0.528353
0.209231
0.345993
0.222674
0.148058
0.763573
0.709446
0.474243
0.500194
0.366139
0.770461
0.521111
0.321886
0.789661
0.500599
0.768254
0.251547
0.429547
0.440244
0.438308
0.497261
0.445789
0.425126
0.343821
0.60793
0.438194
0.771059
0.364123
0.365583
0.387961
0.509965
0.517414
0.260849
0.603735
0.41514
0.259014
0.842703
0.384445
0.516431
0.382599
0.570636
0.264504
0.387239
0.516268
0.62316
0.589102
0.264604
0.382397
0.411535
0.569351
0.553059
0.757297
0.426468
0.706823
0.519365
0.418995
0.321388
0.480698
0.354203
0.375674
0.849954
0.501636
0.424618
0.457237
0.434748
0.474971
0.429379
0.451953
0.473526
0.392653
0.404285
0.682297
0.414339
0.24891
0.548818
0.486816
0.387523
0.573351
0.249821
0.431802
0.143354
0.672781
0.101791
0.640653
0.432411
0.344695
0.319882
0.583562
0.697272
0.5395
0.314599
0.379296
0.330768
0.233309
0.397024
0.445333
0.336054
0.188646
0.573009
0.675777
0.402838
0.596625
0.542867
0.39928
0.297929
0.534167
0.341513
0.411355
0.500922
0.297847
0.627789
0.283498
0.326479
0.361028
0.560343
0.458194
0.56482
0.410749
0.773872
0.480958
0.502227
0.393076
0.414397
0.304599
0.7443
0.448514
0.42078
0.366005
0.607988
0.31433
0.528354
0.50772
0.216786
0.393509
0.632204
0.25401
0.379026
0.356413
0.485421
0.646634
0.396113
0.239755
0.657827
0.243772
0.551194
0.22168
0.603379
0.248945
0.462326
0.375719
0.618146
0.484506
0.503302
0.416437
0.241632
0.306869
0.78209
0.149869
0.374559
0.672141
0.635091
0.773295
0.804132
0.33314
0.59954
0.247276
0.474618
0.613614
0.415704
0.686541
0.498293
0.317195
0.581636
0.211218
0.571033
0.29034
0.539091
0.724197
0.394177
0.734955
0.320192
0.609737
0.417008
0.299405
0.412507
0.581166
0.221753
0.443977
0.579693
0.310259
0.442707
0.444533
0.5969
0.184352
0.457204
0.79658
0.533458
0.442096
0.356586
0.443131
0.84009
0.789755
0.341925
0.385814
0.469383
0.319325
0.535811
0.393514
0.487599
0.422967
0.398099
0.276411
0.576048
0.168402
0.70239
0.071499
0.0530113
0.0426635
0.783806
0.741442
0.807789
0.680069
0.410844
0.569402
0.623767
0.562554
0.500737
0.402326
0.647332
0.371958
0.272872
0.593428
0.67372
0.358457
0.723287
0.585045
0.511966
0.420931
0.335569
0.537667
0.655563
0.335857
0.668543
0.519919
0.622874
0.487662
0.692325
0.554205
0.436771
0.551145
0.312225
0.441629
0.494466
0.287002
0.253766
0.570923
0.573872
0.33374
0.416446
0.418937
0.556741
0.180249
0.52989
0.491432
0.113655
0.609758
0.617655
0.380973
0.346684
0.565619
0.575432
0.45781
0.38863
0.565283
0.351961
0.446002
0.694981
0.491664
0.418875
0.570497
0.55701
0.267455
0.366125
0.502155
0.387751
0.377866
0.643397
0.567435
0.596979
0.311586
0.239791
0.164552
0.383637
0.156074
0.737218
0.559607
0.135959
0.636799
0.518207
0.63066
0.648304
0.400428
0.359446
0.3239
0.215869
0.507011
0.153629
0.615409
0.600858
0.593745
0.674178
0.388777
0.61255
0.59338
0.47126
0.593006
0.677203
0.667679
0.365215
0.494122
0.777235
0.179108
0.634685
0.460497
0.316163
0.654332
0.667069
0.523268
0.459927
0.27943
0.758586
0.579048
0.526033
0.394439
0.387585
0.56155
0.440517
0.257604
0.459796
0.209267
0.103213
0.0726939
0.600504
0.0679897
0.528704
0.696931
0.389296
0.524949
0.396419
0.376272
0.208815
0.420028
0.732972
0.393161
0.486538
0.825092
0.26811
0.59706
0.40938
0.651213
0.246459
0.822414
0.396134
0.605572
0.518406
0.276259
0.462009
0.688082
0.483364
0.587455
0.415506
0.450668
0.346895
0.258572
0.458977
0.489717
0.515301
0.233892
0.355745
0.183422
0.551156
0.568105
0.329197
0.385694
0.596488
0.319839
0.571199
0.446778
0.481176
0.267778
0.325415
0.20696
0.452391
0.127661
0.547208
0.484246
0.366494
0.518388
0.553815
0.448922
0.329305
0.863208
0.592907
0.616101
0.3836
0.596994
0.40948
0.613196
0.430909
0.275283
0.581818
0.474476
0.216564
0.485729
0.376274
0.143387
0.523578
0.134726
0.557379
0.235621
0.593685
0.574534
0.223058
0.42776
0.731903
0.559977
0.345665
0.25613
0.250612
0.640695
0.39706
0.496485
0.507754
0.43277
0.449537
0.334076
0.199657
0.144132
0.465385
0.59629
0.361153
0.719507
0.335675
0.752814
0.418141
0.347221
0.493165
0.601724
0.550216
0.931266
0.596859
0.210753
0.750699
0.3931
0.485728
0.533714
0.413182
0.5025
0.590175
0.576778
0.597823
0.727833
0.594183
0.434024
0.441562
0.448385
0.589167
0.556558
0.665272
0.584597
0.357698
0.703743
0.529653
0.603266
0.430783
0.601527
0.438387
0.479861
0.576328
0.54954
0.368566
0.473137
0.548767
0.526739
0.522687
0.381441
0.500981
0.261344
0.575427
0.303538
0.535586
0.690244
0.399366
0.569537
0.646375
0.472022
0.642586
0.531264
0.551344
0.562593
0.371686
0.593394
0.384464
0.294535
0.465335
0.540883
0.192321
0.519722
0.653922
0.478563
0.417621
0.487724
0.41382
0.506107
0.33925
0.554837
0.230525
0.51691
0.413702
0.477994
0.253969
0.397758
0.448278
0.584544
0.752851
0.698974
0.433266
0.510393
0.584102
0.411043
0.751074
0.200841
0.175514
0.464149
0.711633
0.458799
0.383309
0.338244
0.451222
0.782896
0.683758
0.439371
0.448619
0.36413
0.578689
0.614775
0.310938
0.442163
0.25756
0.625329
0.485811
0.60577
0.645082
0.298752
0.390876
0.433657
0.548387
0.467671
0.336064
0.443155
0.520395
0.219056
0.727347
0.474169
0.596063
0.570514
0.76742
0.720743
0.515313
0.621875
0.440926
0.428176
0.47708
0.47661
0.411738
0.307584
0.561498
0.382882
0.249499
0.45842
0.561842
0.401974
0.469808
0.406039
0.500967
0.393639
0.396181
0.731715
0.65958
0.520796
0.380882
0.310381
0.584769
0.296349
0.262264
0.605277
0.394223
0.41073
0.346896
0.357296
0.554878
0.334548
0.420555
0.511137
0.317784
0.225962
0.483654
0.607703
0.521624
0.508334
0.359028
0.285466
0.293335
0.147354
0.182569
0.434505
0.671618
0.3821
0.517467
0.444789
0.714857
0.56833
0.395951
0.618635
0.62394
0.380151
0.580403
0.45064
0.686314
0.443339
0.734252
0.270405
0.312671
0.702713
0.779037
0.462631
0.56892
0.240715
0.617321
0.428003
0.223909
0.393416
0.591319
0.717019
0.256162
0.548745
0.417046
0.747014
0.327209
0.532637
0.364928
0.590923
0.397929
0.286103
0.45952
0.562945
0.51879
0.476255
0.291976
0.620773
0.583635
0.546796
0.429833
0.570033
0.298051
0.595051
0.359221
0.442417
0.631812
0.8748
0.244233
0.302336
0.510657
0.848625
0.434988
0.51048
0.300642
0.382508
0.945809
0.482481
0.482612
0.71807
0.479675
0.541538
0.505563
0.674048
0.453174
0.472799
0.516543
0.334226
0.419133
0.331647
0.60342
0.478019
0.575524
0.544866
0.649682
0.526076
0.248148
0.429264
0.552835
0.544219
0.538831
0.43481
0.314154
0.223743
0.31651
0.314076
0.109679
0.752173
0.620166
0.621509
0.348925
0.762243
0.283576
0.598267
0.276198
0.309061
0.514731
0.476929
0.372141
0.533002
0.498426
0.536959
0.531298
0.37874
0.232794
0.604184
0.408497
0.586939
0.144583
0.503774
0.409397
0.627925
0.552135
0.447221
0.375044
0.561915
0.543455
0.450508
0.365687
0.397834
0.308304
0.204716
0.487791
0.570468
0.461707
0.362514
0.388742
0.280771
0.545578
0.636976
0.381631
0.511993
0.474722
0.477236
0.449427
0.378024
0.361559
0.265598
0.423961
0.673989
0.401895
0.357218
0.501141
0.438703
0.577463
0.18567
0.379123
0.390133
0.437951
0.486548
0.357144
0.382192
0.394513
0.301693
0.384164
0.199259
0.693267
0.594097
0.78842
0.57557
0.513396
0.232516
0.900271
0.634699
0.212298
0.306298
0.18715
0.559261
0.425345
0.330883
0.381074
0.51985
0.574677
0.376554
0.411529
0.480739
0.658257
0.282362
0.491052
0.412159
0.395128
0.606538
0.539556
0.507316
0.29643
0.367072
0.375702
0.549511
0.537827
0.590498
0.463672
0.593189
0.181453
0.402994
0.678013
0.629954
0.591072
0.582686
0.491331
0.456349
0.497213
0.318173
0.475118
0.47308
0.606422
0.431084
0.296643
0.612779
0.347796
0.56593
0.566213
0.47982
0.375366
0.533044
0.367881
0.379724
0.603553
0.478003
0.268476
0.331356
0.493936
0.236098
0.38057
0.479974
0.296177
0.663944
0.682517
0.592281
0.471066
0.561891
0.302506
0.432752
0.240641
0.484628
0.718521
0.590126
0.334688
0.479991
0.424315
0.397688
0.388046
0.230873
0.648141
0.329282
0.480736
0.16675
0.77932
0.386323
0.597739
0.532176
0.463338
0.552517
0.632275
0.234589
0.543557
0.440704
0.554183
0.270323
0.366337
0.234457
0.607927
0.726185
0.491645
0.727326
0.253422
0.51709
0.440539
0.471134
0.315399
0.558346
0.478336
0.62873
0.330029
0.515862
0.425207
0.50792
0.369511
0.550902
0.497707
0.351078
0.38183
0.648128
0.634127
0.512996
0.356944
0.578322
0.45069
0.386223
0.401128
0.276144
0.584671
0.603735
0.272394
0.184213
0.292404
0.47384
0.587028
0.644058
0.551321
0.681001
0.412499
0.642237
0.446145
0.458971
0.597535
0.366797
0.474874
0.664067
0.461848
0.443741
0.514975
0.398217
0.491829
0.515474
0.510776
0.549469
0.712208
0.522564
0.431931
0.261785
0.534362
0.597615
0.584904
0.528043
0.476471
0.339207
0.417114
0.22546
0.218477
0.651517
0.362083
0.454361
0.580258
0.596737
0.437086
0.562025
0.428404
0.50986
0.621237
0.196513
0.379335
0.286966
0.261351
0.376057
0.717265
0.123691
0.586913
0.429357
0.725132
0.21939
0.340559
0.628989
0.721088
0.631964
0.403789
0.805192
0.431106
0.615046
0.464078
0.496612
0.583394
0.49915
0.346778
0.293825
0.414637
0.566258
0.654437
0.493295
0.625393
0.314628
0.597778
0.612855
0.454341
0.536084
0.534188
0.44251
0.354408
0.322661
0.345279
0.450494
0.426973
0.202893
0.499181
0.39537
0.376918
0.416102
0.433824
0.482116
0.526941
0.637346
0.503543
0.325464
0.364253
0.372403
0.555485
0.508139
0.355141
0.490716
0.343711
0.531402
0.584004
0.380605
0.342254
0.257065
0.377621
0.356216
0.252826
0.568952
0.146234
0.229238
0.200829
0.349535
0.256285
0.371149
0.726411
0.528859
0.548954
0.410132
0.659945
0.227058
0.401739
0.750051
0.673466
0.645678
0.410807
0.466233
0.519412
0.447762
0.400843
0.420324
0.347341
0.495769
0.592834
0.296711
0.360764
0.433266
0.640254
0.706719
0.543784
0.311384
0.186692
0.395817
0.533947
0.194091
0.595094
0.167159
0.0928805
0.222552
0.0927325
0.538331
0.277068
0.719932
0.771432
0.435507
0.360632
0.527422
0.682346
0.25002
0.380004
0.282533
0.494091
0.643414
0.124405
0.37611
0.297638
0.508019
0.484608
0.219499
0.316834
0.65355
0.199886
0.249169
0.757901
0.318974
0.658568
0.572053
0.270558
0.439988
0.309081
0.74564
0.175515
0.824188
0.403604
0.541154
0.345069
0.37843
0.83152
0.503834
0.226551
0.514981
0.353689
0.884813
0.525316
0.982835
0.462053
0.40259
0.306984
0.391283
0.317411
0.369528
0.635358
0.231915
0.388331
0.348966
0.421553
0.611155
0.449232
0.417848
0.601556
0.472847
0.666337
0.332441
0.308139
0.423056
0.587892
0.580502
0.570002
0.378975
0.401094
0.277621
0.487072
0.612089
0.684992
0.424445
0.40158
0.506239
0.345512
0.590102
0.246763
0.379635
0.469552
0.446173
0.204658
0.246111
0.334374
0.751254
0.360918
0.268138
0.240856
0.730744
0.337843
0.668617
0.168694
0.756677
0.524764
0.753611
0.294629
0.549386
0.540555
0.26389
0.398841
0.712003
0.376763
0.684558
0.550228
0.58145
0.378706
0.503687
0.324975
0.585238
0.592608
0.612634
0.384192
0.301486
0.495839
0.367652
0.454037
0.646528
0.379554
0.610508
0.37876
0.454318
0.47958
0.406421
0.602116
0.37329
0.536877
0.52182
0.331655
0.314969
0.316343
0.319782
0.194009
0.276145
0.199073
0.647189
0.495307
0.648258
0.472223
0.55275
0.379991
0.442528
0.295638
0.428322
0.248972
0.598361
0.59543
0.728022
0.451764
0.621138
0.436364
0.634979
0.538406
0.533376
0.475757
0.364346
0.480395
0.154037
0.383539
0.518563
0.58079
0.31131
0.609331
0.502531
0.284111
0.564743
0.404795
0.306154
0.485382
0.680229
0.487301
0.386022
0.569205
0.231658
0.280205
0.69185
0.452166
0.709793
0.532262
0.393212
0.607752
0.380185
0.408189
0.362248
0.285299
0.554212
0.502971
0.660339
0.36227
0.337789
0.311014
0.539822
0.325597
0.474572
0.607641
0.528359
0.462973
0.442241
0.707154
0.675996
0.552121
0.725574
0.511912
0.364688
0.667648
0.324518
0.332187
0.218904
0.393073
0.414116
0.680214
0.46886
0.310591
0.237411
0.550608
0.545802
0.566337
0.589668
0.583866
0.479519
0.686272
0.515305
0.338087
0.600601
0.358539
0.426888
0.498999
0.422683
0.477518
0.417065
0.67683
0.378914
0.579587
0.31525
0.491087
0.186794
0.494475
0.520843
0.530399
0.660211
0.423571
0.552019
0.255226
0.366289
0.432521
0.63666
0.387258
0.460349
0.454966
0.659292
0.264118
0.259383
0.443135
0.53311
0.462435
0.397526
0.527292
0.424665
0.609702
0.251992
0.561286
0.26376
0.259467
0.572676
0.558023
0.500758
0.607146
0.468528
0.544757
0.492096
0.476758
0.306772
0.505017
0.404951
0.515447
0.39096
0.435134
0.39579
0.362212
0.256185
0.655201
0.631317
0.486499
0.632015
0.628092
0.61244
0.392544
0.492603
0.619225
0.577669
0.306036
0.373857
0.398046
0.407019
0.579483
0.55839
0.568715
0.391183
0.571248
0.549116
0.644422
0.43668
0.457643
0.423759
0.436291
0.285233
0.197939
0.50302
0.11106
0.659946
0.550122
0.561961
0.379392
0.523823
0.477325
0.61148
0.413614
0.260897
0.290731
0.457368
0.481542
0.445283
0.352447
0.189732
0.243665
0.141077
0.505453
0.599474
0.283468
0.426059
0.314018
0.59524
0.269171
0.637272
0.441307
0.436467
0.448702
0.709466
0.287689
0.275651
0.399812
0.332522
0.583056
0.404937
0.588457
0.270517
0.491711
0.687201
0.512385
0.356842
0.719803
0.371267
0.410862
0.376697
0.420753
0.225601
0.593528
0.508836
0.26567
0.645911
0.726197
0.43351
0.340089
0.226998
0.27534
0.407822
0.531386
0.20682
0.634087
0.297798
0.532095
0.252724
0.116009
0.748661
0.130495
0.429304
0.355019
0.719826
0.130826
0.544728
0.417179
0.617541
0.470925
0.179062
0.488085
0.712892
0.445047
0.521877
0.334162
0.657743
0.220835
0.505447
0.51882
0.443609
0.224684
0.117045
0.62792
0.642627
0.496898
0.567102
0.260255
0.347665
0.255039
0.612483
0.119196
0.593929
0.436894
0.225593
0.588891
0.593353
0.364855
0.407307
0.537516
0.67391
0.551274
0.317472
0.589367
0.175214
0.495273
0.596497
0.531516
0.39843
0.664669
0.976123
0.275785
0.511404
0.397465
0.469601
0.302592
0.58932
0.433721
0.41559
0.471475
0.428744
0.567104
0.665479
0.540894
0.331374
0.465411
0.613801
0.568439
0.28265
0.45103
0.521661
0.178625
0.469039
0.413788
0.54674
0.394947
0.590436
0.426689
0.602775
0.433719
0.618879
0.388745
0.702236
0.45518
0.465987
0.561101
0.236685
0.456915
0.367213
0.441184
0.403496
0.706137
0.549907
0.572963
0.600948
0.425565
0.388586
0.412098
0.359655
0.378535
0.275034
0.340148
0.526252
0.554652
0.47501
0.343442
0.497764
0.448884
0.560517
0.649196
0.515065
0.487608
0.460117
0.374155
0.606869
0.57739
0.4922
0.404749
0.594905
0.383764
0.392002
0.438086
0.420877
0.419074
0.398004
0.471433
0.365044
0.539386
0.616701
0.32674
0.581158
0.260594
0.417554
0.495608
0.450549
0.416799
0.422356
0.436861
0.283974
0.199632
0.452307
0.399075
0.479894
0.230934
0.434757
0.709926
0.587509
0.247675
0.837051
0.764571
0.529244
0.478632
0.322998
0.516759
0.371187
0.232281
0.512019
0.359874
0.214741
0.381033
0.182023
0.294146
0.585507
0.392171
0.34668
0.677265
0.541462
0.449216
0.360022
0.170492
0.685288
0.234919
0.112257
0.565122
0.30808
0.589417
0.288243
0.168711
0.253069
0.599253
0.713298
0.394006
0.582446
0.679967
0.348728
0.34046
0.650437
0.597576
0.419629
0.569602
0.595605
0.347729
0.407693
0.50468
0.31951
0.350513
0.459678
0.456021
0.46766
0.482883
0.339368
0.414974
0.429478
0.47289
0.344194
0.373804
0.566538
0.598046
0.658212
0.435354
0.572705
0.507272
0.538948
0.35985
0.450185
0.630827
0.564374
0.522347
0.338003
0.575768
0.624442
0.276211
0.456558
0.44666
0.519772
0.661992
0.245314
0.48552
0.44589
0.152579
0.191229
0.638773
0.69642
0.59367
0.497148
0.465178
0.473744
0.472468
0.61503
0.576692
0.476256
0.441041
0.553963
0.382698
0.220869
0.638607
0.173242
0.446837
0.469211
0.381945
0.605152
0.385443
0.435753
0.262123
0.481101
0.563185
0.601944
0.558298
0.225136
0.432448
0.303458
0.448583
0.556336
0.587117
0.332671
0.313313
0.269187
0.417689
0.30387
0.161664
0.354073
0.493801
0.690219
0.530918
0.896251
0.599596
0.542825
0.309975
0.322909
0.659946
0.394747
0.445041
0.58018
0.779623
0.302377
0.419201
0.440324
0.436267
0.816216
0.604393
0.534684
0.496311
0.479721
0.295734
0.552101
0.589295
0.994051
0.473044
0.219639
0.554716
0.53054
0.658671
0.442574
0.441206
0.509281
0.631664
0.513963
0.43904
0.500982
0.545242
0.489173
0.464266
0.422877
0.27582
0.554461
0.268787
0.462642
0.524683
0.530441
0.369819
0.367256
0.156391
0.266836
0.527881
0.570015
0.767635
0.70146
0.462927
0.630775
0.407751
0.452933
0.338133
0.478622
0.641044
0.543797
0.659627
0.520454
0.414914
0.678578
0.448077
0.626642
1.0363
0.541449
0.353041
0.512489
0.396795
0.362317
0.65566
0.304179
0.405351
0.544349
0.581053
0.453835
0.332788
0.243814
0.561065
0.489768
0.554981
0.235712
0.476501
0.323149
0.321162
0.589427
0.815204
0.4076
0.56381
0.570409
0.388175
0.517754
0.25177
0.347378
0.536247
0.643388
0.40647
0.45096
0.572184
0.355875
0.852849
0.526343
0.311675
0.512271
0.546392
0.456319
0.532703
0.400923
0.5669
0.17557
0.435491
0.449338
0.356806
0.321012
0.400582
0.326316
0.772909
0.445909
0.602657
0.301791
0.273418
0.571997
0.329628
0.394625
0.559379
0.510012
0.340354
0.34625
0.266016
0.236859
0.143389
0.507955
0.685627
0.668789
0.430178
0.308461
0.645086
0.314826
0.67511
0.557313
0.476474
0.462004
0.291198
0.444149
0.396499
0.644192
0.718021
0.84
0.236234
0.686724
0.636389
0.691959
0.537169
0.653695
0.296557
0.389336
0.31945
0.270288
0.591757
0.47226
0.420574
0.461276
0.718488
0.246319
0.365338
0.751874
0.360195
0.483197
0.335795
0.370643
0.641716
0.248912
0.426942
0.68342
0.318038
0.363696
0.444554
0.541667
0.484456
0.58637
0.793565
0.538017
0.379533
0.397792
0.454178
0.397729
0.345865
0.493245
0.457654
0.36087
0.44877
1.18672
0.207329
0.231578
0.114983
0.71241
0.186763
0.373019
0.854926
0.762651
0.578173
0.616546
0.503669
0.506723
0.460929
0.613285
0.415757
0.604267
0.459923
0.547373
0.40274
0.843841
0.406542
0.568161
0.441185
0.431573
0.301502
0.553547
0.560729
0.43406
0.55602
0.486325
0.456973
0.584737
0.443425
0.358195
0.480747
0.588014
0.544675
0.428601
0.798214
0.460123
0.324371
0.301092
0.228487
0.29321
0.676745
0.481426
0.36176
0.640844
0.668404
0.345735
0.833953
0.561683
0.563123
0.294279
0.611593
0.192714
0.185658
0.799945
0.607517
0.56484
0.622019
0.420769
0.397754
0.249776
0.283068
0.492189
0.504919
0.153648
0.54984
0.532323
0.413576
0.559455
0.339107
0.384198
0.491541
0.480714
0.36258
0.253725
0.405908
0.25255
0.652632
0.249719
0.730667
0.76957
0.904692
0.607347
0.302917
0.618308
0.657216
0.53185
0.501164
0.405914
0.562275
0.738427
0.666202
0.541999
0.318268
0.354069
0.140763
0.572553
0.50415
0.519034
0.346611
0.332018
0.413624
1.0502
0.373428
0.237898
0.53366
0.347969
0.519253
0.374802
0.288688
0.35488
0.222936
0.311418
0.654238
0.3314
0.559547
0.209607
0.18516
0.640492
0.588353
0.363659
0.283264
0.658454
0.760428
0.474325
0.314556
0.488737
0.50724
0.251321
0.135295
0.448525
0.727723
0.246525
0.755801
0.199421
0.554765
0.662768
0.641579
0.631928
0.435475
0.286854
0.387374
0.692109
0.320695
0.444286
0.413267
0.437845
0.336805
0.324646
0.279744
1.0035
0.378189
0.437848
0.472434
0.47987
0.742223
0.499996
0.561832
1.23629
0.408664
0.56746
0.367063
0.641113
0.490214
0.289367
0.285397
0.500289
0.704247
0.476
0.159396
0.467063
0.354954
0.46632
0.514315
0.48068
0.772622
0.362191
0.60864
0.501823
0.285738
0.282748
0.466017
0.184048
0.273862
0.621217
0.505381
0.740315
0.561934
0.316372
0.662724
0.521737
0.72912
0.272366
0.263314
0.402735
0.841201
0.567331
0.626971
0.322063
0.707484
0.323738
0.385657
0.543916
0.192723
0.138268
0.405618
0.593479
0.305703
0.698957
0.499183
0.532666
0.538775
0.399482
0.437696
0.413662
0.477519
0.513146
0.409735
0.406282
0.397348
0.390831
0.319224
0.293729
0.51519
0.821205
0.53397
0.233579
0.787911
0.370924
0.374739
0.377656
0.820836
0.510931
0.275032
0.521113
0.544566
0.425162
0.548219
0.524803
0.66026
0.309038
0.587978
0.224196
0.560335
0.527621
0.485302
0.50353
0.553291
0.538684
0.520131
0.606803
0.499293
0.463583
0.478088
0.461214
0.595467
0.281884
0.62543
0.482437
0.374278
0.404937
0.314952
0.389835
0.679375
0.695285
0.354877
0.519746
0.325316
0.276371
0.487376
0.392643
0.672416
0.195399
0.387262
0.434465
0.231506
0.424653
0.660028
0.627351
0.375664
0.243483
0.543606
0.150426
0.739933
0.298712
0.576179
0.63685
0.47503
0.462458
0.363234
0.549817
0.396104
0.566403
0.563472
0.602291
0.592849
0.309475
0.395689
0.572988
0.408035
0.499741
0.389562
0.853604
0.624117
0.442384
0.530452
0.524542
0.29269
0.408286
0.166645
0.572004
0.500463
0.22953
0.387921
0.574872
0.396838
0.587975
0.437763
0.301729
0.658111
0.464956
0.386574
0.472856
0.370707
0.413243
0.385346
0.350051
0.303286
0.440602
0.458261
0.563427
0.850235
0.434922
0.320123
0.282702
0.558699
0.526599
0.581422
0.460648
0.382901
0.297312
0.383036
0.515977
0.734447
0.461665
0.334708
0.457145
0.237233
0.439025
0.521708
0.417832
0.438942
0.472606
0.527922
0.758307
0.309286
0.606962
0.362354
0.426608
0.48726
0.252923
0.522269
0.347151
0.351083
0.470878
0.439692
0.159516
0.61556
0.451524
0.363419
0.515229
0.492478
0.375615
0.530556
0.515307
0.579145
0.922929
0.340692
0.721898
0.40611
0.645581
0.272858
0.761844
0.478591
0.248268
0.582516
0.237813
0.525816
0.492025
0.175342
0.927901
0.500878
0.307934
0.317089
0.736151
0.373724
0.574376
0.633905
0.642767
0.780571
0.556872
0.537703
0.584742
0.467906
0.758111
0.239501
0.471875
0.208155
0.651926
0.648301
0.627888
0.526504
0.438142
0.663568
0.471364
0.607593
0.319451
0.48907
0.399488
0.53632
0.490583
0.416253
0.271349
0.49194
0.61768
0.246221
0.349035
0.453822
0.229024
0.57443
0.405866
0.804996
0.577485
0.257612
0.739576
0.278891
0.521863
0.620488
0.546645
0.389728
0.17245
1.01388
0.385931
0.433271
0.492909
0.496633
0.579801
0.291302
0.422577
0.394674
0.337445
0.613328
0.593296
0.318248
0.583417
0.454134
0.447093
0.494477
0.349915
0.414104
0.496062
0.4514
0.267363
0.265599
0.595432
0.498854
0.445538
0.33806
0.377892
0.606969
0.507795
0.244125
0.719202
0.663197
0.290106
0.474922
0.34988
0.676902
0.265617
0.626474
0.37834
0.435633
0.316127
0.242635
0.241938
0.7218
0.56226
0.461712
0.616554
0.492168
0.214182
0.570034
0.367304
0.439206
0.404306
0.509379
0.332053
0.617396
0.625792
0.312973
0.470934
0.691299
0.236484
0.723171
0.363117
0.283648
0.521589
0.501401
0.622382
0.592566
0.266195
0.435761
0.442005
0.489913
0.58169
0.55795
0.366576
0.476749
0.363035
0.354889
0.19462
0.533805
0.543136
0.633648
0.450494
0.257904
0.380505
0.388563
0.188598
0.590079
0.493627
0.527746
0.486777
0.162226
0.465524
0.876491
0.50959
0.467708
0.341761
0.437108
0.385432
0.302223
0.307053
0.316387
0.445519
0.622084
0.251204
0.584679
0.613809
0.459316
0.524811
0.576324
0.568917
0.238961
0.524301
0.430833
0.474717
0.485342
0.976855
0.496837
0.6355
0.252529
0.818374
0.603668
0.519613
0.564381
0.480708
0.418101
0.426152
0.53233
0.383625
0.486308
0.305201
0.283405
0.377349
0.32965
0.192191
0.498431
0.640853
0.379194
0.521927
0.63558
0.238243
0.552125
0.394423
0.447281
0.349072
0.589712
0.764921
0.511957
0.477037
0.626033
0.429476
0.469466
0.497585
0.501078
0.710965
0.448122
0.559926
0.299902
0.288589
0.382325
0.413853
0.584308
0.279242
0.288286
0.484972
0.395014
0.448207
0.629125
0.50874
0.580962
0.414942
0.532607
0.502719
0.41421
0.403768
0.426054
0.378418
0.539238
0.501852
0.259428
0.415048
0.577864
0.48915
0.828554
0.453873
0.470796
0.631283
0.452607
0.687596
0.473022
0.4297
0.510985
0.457001
0.476339
0.403327
0.512508
0.341349
0.361624
0.3598
0.50583
0.655315
0.464258
0.611994
0.52338
0.561237
0.424271
0.360936
0.653451
0.599852
0.442588
0.519257
0.558012
0.403449
0.516662
0.345497
0.472682
0.502459
0.37836
0.417942
0.544309
0.425311
0.454084
0.560215
0.32606
0.617121
0.562926
0.562323
0.518075
0.674703
0.472998
0.42575
0.402613
0.360668
0.441488
0.390843
0.462351
0.401863
0.289504
0.532896
0.530757
0.530571
0.531456
0.797633
0.437532
0.452485
0.485452
0.36814
0.563394
0.514556
0.617794
0.466976
0.443159
0.66888
0.574458
0.454251
0.523802
0.447896
0.471746
0.540141
0.468319
0.353591
0.461357
0.208539
0.330455
0.143404
0.327925
0.687168
0.709285
0.657806
0.658638
0.363084
0.572522
0.545856
0.538259
0.610717
0.415267
0.33375
0.458615
0.222097
0.499542
0.431756
0.459717
0.502021
0.688451
0.584942
0.508659
0.264827
0.227186
0.638697
0.538972
0.58774
0.294218
0.53186
0.52425
0.195845
0.286269
0.108805
0.510678
0.794087
0.49347
0.236344
0.545308
0.418167
0.438618
0.406583
0.655273
0.394573
0.491204
0.32322
0.226749
0.446057
0.638629
0.589638
0.277831
0.343676
0.344422
0.203904
0.622129
0.0981701
0.528016
0.352207
0.394642
0.674893
0.120855
0.208231
0.237669
0.594937
0.576389
0.838199
0.448136
0.48831
0.460308
0.429633
0.40091
0.301819
0.524717
0.556149
0.2419
0.294147
0.507971
0.146288
0.631163
0.60671
0.600373
0.405028
0.514616
0.578653
0.382674
0.588304
0.298688
0.464204
0.568706
0.259707
0.760102
0.424532
0.492613
0.516733
0.729569
0.516069
0.426125
0.404097
0.269836
0.413352
0.391489
0.579452
0.319922
0.700724
0.373669
0.396438
0.311881
0.666257
0.204497
0.713214
0.308696
0.268245
0.160833
0.406486
0.534987
0.534172
0.661246
0.628315
0.53116
0.522744
0.377092
0.339404
0.527609
0.24005
0.787234
0.38275
0.693633
0.507635
0.401365
0.487177
0.320686
0.279076
0.671868
0.227627
0.517303
0.278288
0.616026
0.225608
0.546025
0.129178
0.604701
0.385341
0.685245
0.629168
0.226747
0.466911
0.461362
0.58849
0.480047
0.256218
0.395718
0.598212
0.461935
0.374628
0.573889
0.676303
0.280464
0.253834
0.605923
0.42511
0.474789
0.460982
0.356874
0.612945
0.471199
0.386147
0.302005
0.356627
0.664858
0.560366
0.378676
0.494932
0.499394
0.525793
0.601316
0.47455
0.482859
0.519307
0.331498
0.464302
0.482307
0.472665
0.296434
0.324093
0.631404
0.645174
0.507038
0.527265
0.285487
0.170561
0.487084
0.561529
0.152128
0.544841
0.678711
0.460666
0.515792
0.565333
0.460796
0.594248
0.57182
0.553907
0.377143
0.391083
0.305767
0.528967
0.551283
0.636806
0.48184
0.419156
0.570095
0.426495
0.435383
0.29521
0.618892
0.376473
0.460216
0.265909
0.299029
0.449147
0.446656
0.604475
0.367603
0.450549
0.250791
0.684242
0.305421
0.134968
0.400979
0.298249
0.382874
0.632882
0.693605
0.441024
0.582546
0.27606
0.666588
0.243884
0.331455
0.560691
0.35818
0.552624
0.525611
0.521442
0.638614
0.481015
0.478307
0.455567
0.368934
0.44468
0.653325
0.43638
0.218966
0.709542
0.683606
0.617679
0.140667
0.465113
0.495789
0.107622
0.337433
0.405945
0.285535
0.948167
0.672915
0.527127
0.258343
0.180964
0.423866
0.580987
0.629007
0.128605
0.921449
0.35693
0.612592
0.356689
0.311521
0.752398
0.419525
0.402998
0.398651
0.303229
0.57687
0.72078
0.440349
0.400862
0.527539
0.354138
0.507231
0.336131
0.348054
0.562293
0.498168
0.378332
0.501603
0.568433
0.273878
0.455856
0.574318
0.469879
0.637807
0.61108
0.322017
0.366836
0.46808
0.41553
0.427691
0.490568
0.243019
0.51039
0.503186
0.614475
0.71044
0.421288
0.3866
0.239219
0.501961
0.407169
0.422288
0.629192
0.212364
0.460378
0.46569
0.40066
0.382897
0.472628
0.424856
0.639346
0.494107
0.381929
0.303936
0.495472
0.593807
0.525386
0.374651
0.395911
0.3267
0.396346
0.387402
0.626173
0.403385
0.493224
0.397312
0.224617
0.457085
0.234164
0.425115
0.213757
0.571064
0.14754
0.272366
0.0993761
0.682772
0.271131
0.0254347
0.739373
0.63765
0.442162
0.723686
0.452735
0.277462
0.872634
0.330801
0.491268
0.315785
0.288704
0.633691
0.309067
0.666964
0.584585
0.53319
0.40991
0.467935
0.590418
0.374857
0.440649
0.618743
0.299107
0.443296
0.471575
0.475275
0.517571
0.277584
0.473768
0.724562
0.483657
0.368244
0.488801
0.532955
0.466893
0.561465
0.240938
0.532547
0.657403
0.370328
0.270611
0.401505
0.39999
0.488621
0.377096
0.516297
0.562711
0.528198
0.364761
0.441298
0.183689
0.453513
0.496973
0.546208
0.315763
0.451587
0.458554
0.346168
0.407598
0.328498
0.529
0.436795
0.456452
0.299885
0.474561
0.342557
0.582495
0.645048
0.629676
0.574331
0.437959
0.682892
0.333061
0.360594
0.39043
0.463498
0.650395
0.292123
0.543062
0.599455
0.372782
0.620199
0.495502
0.693887
0.445749
0.533685
0.449522
0.528267
0.290026
0.501717
0.530763
0.497805
0.551419
0.32883
0.253416
0.355678
0.440359
0.316117
0.604146
0.189959
0.551621
0.511869
0.351862
0.239842
0.356642
0.164864
0.68328
0.234826
0.554726
0.769356
0.462511
0.813518
0.54579
0.740733
0.548264
0.405002
0.656093
0.2313
0.576558
0.59001
0.499189
0.362872
0.439228
0.475186
0.401961
0.351828
0.505697
0.267501
0.642753
0.48823
0.623291
0.646834
0.505855
0.403749
0.475768
0.294985
0.439919
0.539831
0.542157
0.680348
0.345639
0.336613
0.773128
0.538437
0.514038
0.464107
0.516109
0.545805
0.428427
0.670108
0.293205
0.446907
0.474811
0.507485
0.609586
0.54242
0.36862
0.350864
0.443184
0.475335
0.469076
0.35805
0.460254
0.315336
0.66167
0.596752
0.695575
0.223545
0.550938
0.714749
0.397368
0.464564
0.401329
0.653004
0.534148
0.593035
0.237681
0.48741
0.42097
0.605546
0.387845
0.564056
0.400024
0.473092
0.660913
0.622622
0.619125
0.363268
0.342263
0.362311
0.798307
0.592836
0.229353
0.515239
0.166651
0.445328
0.750388
0.507897
0.273458
0.542933
0.340301
0.342585
0.65108
0.622246
0.480575
0.450268
0.561361
0.541166
0.287
0.549378
0.534445
0.363308
0.436984
0.429421
0.182018
0.672671
0.393711
0.374306
0.306487
0.52262
0.499022
0.514026
0.491404
0.361252
0.653147
0.324842
0.514234
0.610805
0.259997
0.727664
0.577754
0.544639
0.239768
0.11017
0.167834
0.589991
0.68366
0.503288
0.436964
0.316067
0.746874
0.657401
0.55471
0.420866
0.201094
0.329029
0.11724
0.442304
0.578189
0.536199
0.634324
0.588161
0.405527
0.690654
0.371524
0.249488
0.200103
0.622838
0.424691
0.532096
0.662383
0.633623
0.503404
0.671809
0.459671
0.736272
0.386799
0.437057
0.530861
0.461974
0.695045
0.565297
0.418
0.280063
0.498873
0.386253
0.315669
0.511765
0.676755
0.376191
0.402672
0.522762
0.377357
0.278899
0.485059
0.544194
0.38034
0.338977
0.388211
0.534426
0.54207
0.311277
0.249146
0.337477
0.238216
0.318451
0.319743
0.748766
0.539008
0.515915
0.600007
0.484804
0.316017
0.329723
0.50653
0.44838
0.298974
0.232555
0.50486
0.56574
0.169877
0.41106
0.340817
0.568766
0.447834
0.69404
0.343364
0.30317
0.455452
0.371889
0.320363
0.72514
0.573296
0.682365
0.490578
0.350644
0.504618
0.533605
0.623442
0.456388
0.372384
0.490897
0.456794
0.519663
0.440158
0.505719
0.322838
0.238569
0.442086
0.475373
0.578788
0.530169
0.796247
0.36268
0.339799
0.277524
0.642748
0.209008
0.431833
0.740363
0.456825
0.369534
0.645489
0.656829
0.463957
0.202711
0.511645
0.152521
0.399197
0.145773
0.751579
0.410381
0.332149
0.199181
0.369354
0.533661
0.620767
0.534044
0.156516
0.479753
0.590235
0.422206
0.509558
0.180816
0.584742
0.445141
0.246261
0.689018
0.183577
0.697389
0.736445
0.402228
0.211842
0.455501
0.667226
0.322584
0.194145
0.48627
0.63256
0.710007
0.482106
0.484841
0.297367
0.370708
0.299478
0.446726
0.277468
0.5472
0.600192
0.394963
0.345322
0.582322
0.420527
0.615397
0.375138
0.584178
0.490893
0.627614
0.864208
0.379466
0.297057
0.618574
0.399305
0.431827
0.301699
0.35022
0.105197
0.602166
0.50381
0.643762
0.636552
0.662849
0.200542
0.344468
0.577979
0.486079
0.334899
0.476406
0.361359
0.455335
0.626598
0.316055
0.309398
0.752105
0.498865
0.292326
0.194173
0.617451
0.757982
0.341187
0.341088
0.388955
0.656516
0.13598
0.399523
0.559248
0.581024
0.199336
0.670155
0.445023
0.169776
0.641235
0.760236
0.311022
0.210338
0.626459
0.592121
0.463581
0.677584
0.3888
0.451074
0.71291
0.48351
0.435181
0.680347
0.367381
0.559531
0.502489
0.513805
0.475467
0.547273
0.697026
0.327556
0.309419
0.181386
0.418518
0.625438
0.486224
0.513884
0.527272
0.183347
0.357264
0.360651
0.608082
0.622854
0.556379
0.358832
0.40551
0.279275
0.323279
0.472912
0.497119
0.471323
0.212708
0.367611
0.246465
0.313321
0.1974
0.549954
0.605936
0.671481
0.480339
0.447176
0.0837251
0.302279
0.517122
0.476592
0.644092
0.608666
0.67074
0.412631
0.276803
0.335562
0.250879
0.395768
0.417342
0.515898
0.464442
0.489791
0.380577
0.587912
0.492096
0.458669
0.583338
0.413225
0.353565
0.639861
0.522871
0.347523
0.50996
0.450338
0.251795
0.485712
0.537048
0.590621
0.344269
0.263903
0.302984
0.557594
0.716746
0.577144
0.58145
0.38669
0.395593
0.570033
0.512034
0.271591
0.546402
0.682386
0.399404
0.729652
0.498291
0.805992
0.514666
0.513729
0.349274
0.536894
0.424156
0.540288
0.402688
0.645407
0.463968
0.553422
0.390358
0.603065
0.556267
0.466822
0.472526
0.483499
0.530368
0.472731
0.469485
0.389528
0.46893
0.55547
0.51984
0.487564
0.312675
0.488042
0.295603
0.252874
0.688239
0.43398
0.445605
0.232869
0.55555
0.591382
0.279884
0.374341
0.455565
0.334452
0.394519
0.399382
0.702088
0.549867
0.592007
0.66254
0.314575
0.564416
0.523467
0.392306
0.347709
0.512203
0.452072
0.471596
0.615054
0.466743
0.559805
0.371131
0.386638
0.374399
0.38891
0.616248
0.437692
0.50144
0.574822
0.392237
0.44496
0.447561
0.574442
0.45584
0.384646
0.689921
0.3994
0.638152
0.485826
0.481795
0.510829
0.477332
0.637052
0.523485
0.399536
0.289424
0.317348
0.336536
0.569843
0.712764
0.253809
0.554694
0.42874
0.653174
0.545283
0.511673
0.410137
0.44014
0.440636
0.676207
0.361017
0.483158
0.586404
0.577321
0.329777
0.339771
0.566901
0.430742
0.363976
0.521822
0.377319
0.327578
0.177654
0.494795
0.685521
0.574306
0.410455
0.326531
0.412152
0.484088
0.533226
0.522595
0.578119
0.294109
0.723395
0.551288
0.330345
0.870544
0.451706
0.310279
0.577033
0.517591
0.490037
0.469062
0.317753
0.458906
0.36971
0.304467
0.567689
0.41431
0.230116
0.557398
0.380965
0.562309
0.664818
0.568023
0.450799
0.594735
0.405955
0.269991
0.644109
0.61514
0.446459
0.45534
0.269559
0.490085
0.622247
0.566551
0.386526
0.426544
0.665198
0.334713
0.387021
0.28777
0.748872
0.407215
0.422184
0.65814
0.335547
0.348594
0.456082
0.604137
0.258694
0.244371
0.649012
0.525141
0.464801
0.487904
0.769257
0.392864
0.453568
0.428503
0.621379
0.483149
0.424793
0.405716
0.577951
0.658739
0.495429
0.438937
0.255083
0.63922
0.405922
0.357143
0.50888
0.432887
0.191655
0.573452
0.522491
0.474249
0.537863
0.78203
0.479043
0.33842
0.651121
0.457216
0.765279
0.632032
0.358677
0.409833
0.563373
0.281397
0.711464
0.352273
0.385349
0.626297
0.452359
0.480032
0.565933
0.534223
0.459656
0.62461
0.308966
0.540406
0.428485
0.344794
0.178707
0.358857
0.161921
0.774995
0.565769
0.49879
0.403605
0.230522
0.166672
0.58523
0.508076
0.424924
0.495537
0.696179
0.752044
0.396642
0.584433
0.545183
0.789827
0.338127
0.676153
0.575294
0.438508
0.432351
0.625426
0.475626
0.563723
0.609958
0.328699
0.516236
0.71514
0.507672
