0.412996
0.360877
0.268876
0.451361
0.220417
0.322361
0.261832
0.309436
0.243935
0.241397
0.289035
0.176346
0.23704
0.174552
0.162184
0.261066
0.199065
0.195566
0.251107
0.300698
0.277152
0.245697
0.26737
0.272315
0.28038
0.219722
0.324219
0.238098
0.174294
0.265817
0.325623
0.319862
0.309134
0.314998
0.236431
0.187204
0.278292
0.35539
0.274092
0.298927
0.355156
0.296818
0.326669
0.336782
0.23294
0.216789
0.155557
0.196072
0.294515
0.39733
0.285779
0.144301
0.251665
0.378167
0.296754
0.165261
0.320477
0.30352
0.167567
0.362532
0.229021
0.233779
0.153871
0.331818
0.195884
0.191255
0.146135
0.394956
0.299019
0.36187
0.185419
0.307566
0.233103
0.168906
0.249427
0.267013
0.323511
0.218949
0.14847
0.27409
0.262369
0.230292
0.219386
0.363484
0.327591
0.126718
0.242297
0.336769
0.192465
0.268163
0.175473
0.174211
0.269272
0.335267
0.110386
0.247823
0.310208
0.229872
0.25817
0.216596
0.202568
0.300994
0.199149
0.151348
0.132339
0.257808
0.270238
0.252916
0.182883
0.214322
0.279514
0.242728
0.222497
0.21262
0.156766
0.234669
0.134426
0.290485
0.274718
0.235353
0.225003
0.243096
0.181695
0.22229
0.197492
0.25133
0.241778
0.295429
0.274206
0.318999
0.288622
0.194172
0.174847
0.253251
0.205491
0.298355
0.211744
0.215552
0.264257
0.288495
0.245825
0.268002
0.250415
0.254536
0.349305
0.2961
0.308655
0.394988
0.26009
0.23423
0.257909
0.271432
0.19119
0.230679
0.383299
0.353884
0.316987
0.405009
0.405256
0.288522
0.379976
0.311858
0.405004
0.344095
0.325723
0.245561
0.300758
0.24875
0.250952
0.352492
0.252216
0.196228
0.329324
0.328243
0.298346
0.290114
0.345437
0.2567
0.267206
0.359161
0.317711
0.310844
0.317093
0.304508
0.285755
0.215196
0.303958
0.350133
0.339338
0.219249
0.164459
0.201887
0.329188
0.331359
0.287577
0.293699
0.228364
0.250812
0.143371
0.309737
0.222846
0.282987
0.269888
0.31957
0.192484
0.255955
0.213094
0.24741
0.292092
0.294069
0.224149
0.25876
0.289325
0.22431
0.169444
0.145744
0.267496
0.482743
0.309988
0.186171
0.260535
0.26938
0.322397
0.208076
0.283879
0.223487
0.281821
0.215824
0.26538
0.345169
0.301297
0.129437
0.229847
0.290938
0.378403
0.281221
0.245669
0.296182
0.258193
0.175415
0.312388
0.27956
0.273176
0.255781
0.259321
0.287249
0.337404
0.231819
0.22986
0.244925
0.245262
0.356694
0.198224
0.295777
0.189103
0.24642
0.190363
0.233826
0.221349
0.266157
0.268543
0.24959
0.291551
0.319423
0.299665
0.412215
0.263064
0.128066
0.294606
0.302949
0.306195
0.277528
0.269229
0.224896
0.334918
0.203307
0.242833
0.213685
0.316165
0.301262
0.328652
0.385093
0.358674
0.240103
0.23255
0.297014
0.39291
0.243205
0.267655
0.307855
0.309324
0.296784
0.285528
0.300872
0.33512
0.211932
0.255046
0.276814
0.393613
0.187095
0.200421
0.175616
0.256302
0.151686
0.173738
0.280843
0.238558
0.289965
0.28974
0.142828
0.267564
0.207009
0.292249
0.131888
0.255045
0.326911
0.24931
0.226261
0.142873
0.370432
0.272177
0.339143
0.269399
0.370684
0.392881
0.244879
0.365063
0.335323
0.207571
0.272744
0.24944
0.317293
0.207968
0.145377
0.225884
0.302744
0.248681
0.192627
0.206864
0.308273
0.157484
0.230053
0.238194
0.292892
0.283861
0.251416
0.186888
0.159798
0.241506
0.316375
0.275025
0.371844
0.199203
0.141657
0.344887
0.221168
0.259369
0.390209
0.262218
0.25089
0.254092
0.192818
0.290481
0.315085
0.154284
0.168574
0.181999
0.290618
0.25895
0.197192
0.148655
0.197521
0.18306
0.249724
0.375224
0.31341
0.311978
0.142377
0.165578
0.163827
0.35018
0.272256
0.331519
0.272904
0.309472
0.24328
0.332156
0.304641
0.266708
0.175288
0.264679
0.298939
0.392975
0.243621
0.212234
0.31321
0.349542
0.286078
0.165255
0.18262
0.267295
0.302948
0.377563
0.225122
0.146931
0.250821
0.293073
0.247622
0.31478
0.212454
0.188583
0.218898
0.200793
0.21924
0.265972
0.276563
0.229271
0.182213
0.204042
0.23802
0.216162
0.264489
0.210179
0.291679
0.259346
0.318086
0.335804
0.33266
0.29328
0.245506
0.348882
0.204211
0.191442
0.227953
0.276798
0.232715
0.266205
0.227857
0.251617
0.222375
0.275831
0.233027
0.267225
0.277879
0.302236
0.280109
0.154221
0.230184
0.222318
0.226145
0.298207
0.336217
0.309024
0.295885
0.303499
0.324488
0.227684
0.21616
0.291496
0.331393
0.258083
0.290768
0.266112
0.219761
0.183479
0.258892
0.234548
0.311401
0.303325
0.262133
0.234441
0.202273
0.251047
0.20169
0.311292
0.347117
0.243508
0.255448
0.2518
0.201617
0.25492
0.29523
0.205061
0.263994
0.212317
0.326205
0.283884
0.166946
0.232885
0.22257
0.189333
0.278081
0.294727
0.218617
0.149753
0.281531
0.168755
0.285518
0.265158
0.141858
0.240091
0.236071
0.190309
0.23798
0.271026
0.260952
0.245965
0.284695
0.19199
0.251864
0.26673
0.246943
0.302833
0.294476
0.24614
0.336683
0.286245
0.213199
0.283427
0.237542
0.169903
0.230547
0.324257
0.239483
0.366781
0.451856
0.286537
0.312811
0.335069
0.332691
0.346012
0.310389
0.320077
0.359094
0.175789
0.304907
0.349324
0.338433
0.303047
0.303149
0.348745
0.275049
0.350159
0.275372
0.293499
0.37693
0.254169
0.423055
0.423719
0.292972
0.302067
0.338963
0.237971
0.241832
0.230413
0.246029
0.329663
0.376248
0.172925
0.210248
0.351939
0.206811
0.18433
0.222857
0.211559
0.208274
0.309438
0.297598
0.21773
0.256027
0.341959
0.242324
0.21304
0.247597
0.298837
0.322591
0.369235
0.333292
0.303472
0.335227
0.22698
0.200729
0.167366
0.211546
0.238404
0.278413
0.289024
0.31137
0.269619
0.272736
0.364957
0.339777
0.187132
0.256877
0.351788
0.201654
0.235718
0.186289
0.233596
0.276647
0.287892
0.30916
0.28709
0.233185
0.277426
0.275528
0.165845
0.275464
0.334382
0.205223
0.273743
0.158317
0.300789
0.372625
0.308963
0.342846
0.328474
0.259137
0.263783
0.360617
0.256175
0.260262
0.178082
0.235897
0.204314
0.240097
0.259894
0.248958
0.336488
0.217782
0.312036
0.176901
0.13626
0.270496
0.30552
0.239431
0.2799
0.279205
0.388894
0.320951
0.256803
0.240863
0.261104
0.180458
0.176952
0.31561
0.250112
0.313522
0.223243
0.183201
0.230455
0.189546
0.251996
0.241177
0.278498
0.44627
0.380456
0.234957
0.301209
0.359931
0.315912
0.237149
0.189741
0.26067
0.332493
0.220943
0.206351
0.190062
0.285786
0.369054
0.371413
0.39651
0.385487
0.412229
0.365052
0.376408
0.423572
0.445484
0.467347
0.356386
0.372164
0.269482
0.32971
0.257882
0.337234
0.3619
0.25723
0.319906
0.190354
0.233232
0.347859
0.316464
0.342802
0.33191
0.176797
0.289308
0.245596
0.313043
0.28
0.362317
0.234241
0.205221
0.236793
0.278977
0.3468
0.316432
0.136747
0.26434
0.247104
0.182735
0.196645
0.213834
0.2006
0.241904
0.293611
0.300346
0.182601
0.276697
0.274042
0.241109
0.226407
0.167285
0.111073
0.241328
0.257469
0.292307
0.180923
0.278006
0.253456
0.310937
0.35782
0.285327
0.348578
0.260336
0.214778
0.25353
0.29151
0.358044
0.295465
0.246159
0.309151
0.255247
0.307676
0.327755
0.347881
0.212285
0.353973
0.237607
0.212465
0.28769
0.264447
0.307609
0.304546
0.22816
0.317816
0.316897
0.314026
0.283749
0.289808
0.333231
0.443132
0.383545
0.291712
0.295252
0.253601
0.218975
0.30486
0.317946
0.24115
0.252266
0.241164
0.260331
0.322361
0.404421
0.498946
0.361944
0.362306
0.358769
0.220061
0.250606
0.241715
0.274119
0.313548
0.36821
0.335255
0.291968
0.276095
0.382408
0.350031
0.228277
0.356447
0.274242
0.186474
0.345224
0.370348
0.221642
0.248901
0.151529
0.200745
0.292189
0.295376
0.258376
0.251084
0.407567
0.339097
0.300634
0.352102
0.294867
0.278996
0.350474
0.263618
0.224986
0.352238
0.299153
0.18231
0.17021
0.229361
0.277976
0.297298
0.322237
0.341447
0.209528
0.274086
0.195744
0.250243
0.401315
0.276877
0.335647
0.289523
0.334333
0.324883
0.203764
0.316362
0.148651
0.133971
0.295282
0.324563
0.392299
0.327787
0.151092
0.227562
0.188521
0.234753
0.323947
0.296864
0.382565
0.279643
0.18538
0.2611
0.245727
0.120493
0.195435
0.279681
0.328822
0.362672
0.346168
0.339798
0.267389
0.265736
0.236297
0.308246
0.271312
0.247
0.344192
0.216689
0.290613
0.248809
0.311131
0.21732
0.267948
0.350392
0.335313
0.287074
0.23266
0.221134
0.268169
0.216516
0.187987
0.277385
0.176844
0.234092
0.253508
0.265369
0.324275
0.235745
0.211653
0.15838
0.223755
0.210454
0.258014
0.230441
0.25636
0.245257
0.157576
0.258775
0.268519
0.342207
0.172374
0.152904
0.209701
0.183582
0.258268
0.29326
0.218214
0.235168
0.188263
0.254412
0.129867
0.226162
0.298494
0.215425
0.220093
0.372069
0.258467
0.425627
0.366211
0.356222
0.363766
0.208971
0.280708
0.237277
0.283672
0.336364
0.249487
0.286506
0.289261
0.328849
0.317028
0.166138
0.197818
0.240103
0.210014
0.218427
0.180532
0.191363
0.322065
0.264876
0.231473
0.268866
0.289546
0.318331
0.201284
0.312135
0.275624
0.207706
0.296875
0.259012
0.396775
0.351421
0.241708
0.338325
0.289487
0.134963
0.245145
0.450777
0.329145
0.282908
0.308307
0.174148
0.213285
0.174744
0.315826
0.424174
0.416537
0.448507
0.32795
0.208884
0.223705
0.199286
0.261755
0.21085
0.201296
0.247255
0.145142
0.188267
0.311584
0.328379
0.27742
0.204603
0.248364
0.332776
0.402525
0.226961
0.320437
0.285761
0.274915
0.215012
0.297596
0.288347
0.245269
0.271511
0.237656
0.301345
0.18627
0.284487
0.194747
0.213916
0.243367
0.173414
0.216358
0.255538
0.274805
0.385143
0.142211
0.161816
0.199377
0.121067
0.320944
0.165406
0.286755
0.247301
0.205985
0.35858
0.294153
0.168436
0.203071
0.34502
0.140806
0.29134
0.207305
0.192131
0.106642
0.249701
0.161049
0.192861
0.193494
0.279384
0.145377
0.0910711
0.22974
0.235182
0.247161
0.228576
0.201684
0.158269
0.220866
0.290226
0.147718
0.154898
0.171581
0.201398
0.187644
0.259416
0.318555
0.292587
0.328228
0.309362
0.22084
0.330421
0.325745
0.329378
0.269106
0.256461
0.333402
0.260717
0.245338
0.201575
0.275759
0.238301
0.220053
0.385224
0.354966
0.285506
0.352749
0.399699
0.213043
0.256689
0.250443
0.244606
0.286151
0.410679
0.360136
0.190946
0.239255
0.334014
0.23594
0.208046
0.328054
0.305608
0.289904
0.277656
0.318115
0.17772
0.305556
0.343433
0.189709
0.170483
0.24029
0.292535
0.188369
0.221337
0.271057
0.29055
0.242344
0.333056
0.241694
0.147921
0.30866
0.297508
0.207809
0.332719
0.152687
0.404409
0.218061
0.259177
0.202745
0.18976
0.213677
0.250277
0.163143
0.266975
0.263879
0.185815
0.244128
0.287866
0.276663
0.206559
0.326294
0.290983
0.165457
0.186179
0.212912
0.257793
0.148652
0.290837
0.282712
0.283228
0.279857
0.240683
0.185591
0.22815
0.279555
0.269597
0.28603
0.224413
0.321686
0.158737
0.181747
0.147059
0.206593
0.148625
0.310305
0.256548
0.28889
0.227305
0.261641
0.326283
0.260916
0.263995
0.281425
0.176311
0.286037
0.255351
0.246501
0.345196
0.299785
0.211634
0.223383
0.374721
0.293052
0.248419
0.191133
0.269823
0.262555
0.146251
0.279064
0.294688
0.207586
0.315719
0.313006
0.255562
0.318154
0.28498
0.175365
0.288552
0.321965
0.269453
0.211562
0.303975
0.192012
0.268732
0.210634
0.196115
0.188909
0.238904
0.257511
0.32894
0.374277
0.267356
0.33325
0.263963
0.255239
0.289615
0.250593
0.269633
0.184323
0.321108
0.306481
0.335454
0.252814
0.160108
0.154817
0.310635
0.233546
0.24998
0.17799
0.313432
0.330725
0.276803
0.290209
0.3017
0.203631
0.216484
0.167799
0.231327
0.166126
0.281289
0.307167
0.30865
0.190497
0.275468
0.246053
0.250936
0.355852
0.350201
0.333915
0.329744
0.335246
0.323196
0.236017
0.24082
0.276399
0.327674
0.285285
0.282167
0.186658
0.317021
0.279537
0.374306
0.354352
0.34291
0.392948
0.290926
0.213557
0.255298
0.328944
0.234825
0.281246
0.278125
0.155977
0.179476
0.310845
0.171979
0.200021
0.208479
0.201236
0.283371
0.288771
0.266674
0.300607
0.191258
0.320469
0.217355
0.350229
0.261143
0.30715
0.230569
0.191194
0.281225
0.210875
0.212341
0.292014
0.3161
0.312475
0.410116
0.194603
0.251546
0.295967
0.178385
0.128124
0.266894
0.24775
0.286585
0.285296
0.236795
0.27062
0.183963
0.302654
0.23243
0.136178
0.216924
0.197805
0.230334
0.203033
0.232902
0.196846
0.265954
0.257397
0.251902
0.240101
0.292671
0.354013
0.204953
0.245042
0.300982
0.18465
0.182334
0.259167
0.29488
0.256444
0.219788
0.18032
0.228964
0.282965
0.279442
0.252297
0.286114
0.15278
0.240065
0.185072
0.247655
0.245897
0.19748
0.198889
0.199649
0.290059
0.288125
0.277054
0.334718
0.180041
0.138274
0.204725
0.218119
0.237259
0.270152
0.322473
0.182176
0.162898
0.239292
0.116359
0.252154
0.196512
0.178532
0.283601
0.212164
0.269147
0.236799
0.2488
0.254239
0.274661
0.270698
0.258482
0.203479
0.180356
0.185688
0.287951
0.269747
0.268012
0.324976
0.316866
0.302384
0.410587
0.207708
0.290439
0.165407
0.268915
0.248216
0.209601
0.275163
0.255386
0.293888
0.308811
0.217795
0.333002
0.322476
0.263072
0.350924
0.320905
0.281979
0.258566
0.258682
0.256613
0.212793
0.262915
0.313246
0.179731
0.276247
0.216072
0.283965
0.248248
0.300383
0.303583
0.328004
0.255374
0.362333
0.232448
0.267433
0.336823
0.223641
0.289188
0.199871
0.199099
0.216581
0.196638
0.181818
0.208852
0.367548
0.306433
0.330241
0.2948
0.296158
0.454765
0.257557
0.285368
0.253506
0.35289
0.298836
0.275901
0.252099
0.162824
0.261144
0.252774
0.172331
0.267754
0.339402
0.259297
0.30591
0.329737
0.303844
0.346027
0.373457
0.336222
0.328516
0.3306
0.395185
0.223935
0.306915
0.140733
0.3192
0.317999
0.353157
0.322313
0.141913
0.201938
0.204105
0.33789
0.137996
0.274752
0.312306
0.321157
0.302453
0.222087
0.241568
0.13269
0.253391
0.300176
0.303838
0.320313
0.214641
0.259064
0.302048
0.306991
0.179477
0.171117
0.258088
0.253731
0.238616
0.288909
0.31411
0.352018
0.302772
0.286
0.39677
0.319742
0.248238
0.314415
0.141753
0.201027
0.213809
0.330922
0.354671
0.314684
0.430827
0.350695
0.353531
0.298028
0.330155
0.358815
0.268654
0.295472
0.28599
0.341685
0.336492
0.261057
0.211909
0.302952
0.311012
0.231238
0.253588
0.20877
0.20116
0.259346
0.258123
0.174435
0.207306
0.219376
0.210417
0.291508
0.274086
0.201186
0.28728
0.346421
0.291448
0.272836
0.422753
0.329306
0.222163
0.176223
0.230624
0.228157
0.256586
0.231881
0.334382
0.208033
0.178106
0.146901
0.245305
0.283153
0.147144
0.231516
0.287301
0.257514
0.186731
0.289858
0.233608
0.324124
0.285479
0.246271
0.165873
0.384257
0.242499
0.208869
0.140855
0.262971
0.253929
0.230871
0.245984
0.387546
0.344426
0.275328
0.344429
0.339278
0.224106
0.274046
0.217702
0.212005
0.137658
0.17301
0.155372
0.181127
0.320675
0.268201
0.289973
0.268096
0.288994
0.296685
0.261949
0.190336
0.242194
0.251036
0.328345
0.313004
0.232752
0.329101
0.259729
0.330209
0.278472
0.261054
0.314971
0.130963
0.222849
0.147027
0.281918
0.205605
0.253971
0.27634
0.283935
0.190313
0.277287
0.402906
0.326614
0.267704
0.267972
0.310145
0.250777
0.211059
0.236737
0.248761
0.167037
0.249759
0.28267
0.263464
0.236209
0.261477
0.278314
0.317264
0.338121
0.306771
0.334064
0.35587
0.378747
0.421915
0.144566
0.278654
0.228763
0.210478
0.190371
0.224922
0.143371
0.214004
0.319658
0.198424
0.271562
0.143771
0.234356
0.264853
0.290633
0.217385
0.12731
0.312911
0.298478
0.216769
0.255401
0.300193
0.247578
0.211371
0.224961
0.399018
0.257671
0.314358
0.226032
0.199322
0.270489
0.32589
0.268732
0.414228
0.295166
0.303109
0.219741
0.242162
0.180875
0.274332
0.181165
0.254317
0.278137
0.195136
0.208917
0.197598
0.214526
0.313884
0.341653
0.165226
0.285844
0.267348
0.258806
0.203432
0.249691
0.319575
0.283552
0.235631
0.26408
0.331326
0.261137
0.167085
0.270208
0.262668
0.20776
0.209873
0.24911
0.220188
0.27426
0.165787
0.290435
0.169138
0.243707
0.270373
0.207581
0.308514
0.253799
0.199161
0.177167
0.217699
0.220668
0.308224
0.281017
0.280062
0.246826
0.212526
0.341395
0.28044
0.213592
0.266235
0.293638
0.182522
0.265569
0.141558
0.235666
0.239771
0.206881
0.188209
0.139781
0.117808
0.215052
0.21325
0.167205
0.304306
0.219214
0.234336
0.191547
0.161406
0.162722
0.237193
0.197197
0.272368
0.303283
0.307955
0.204632
0.265263
0.301463
0.229614
0.235512
0.197772
0.329992
0.305951
0.259455
0.239746
0.164152
0.300942
0.33063
0.227974
0.253216
0.25015
0.219582
0.235868
0.196071
0.227966
0.236157
0.272853
0.205354
0.236063
0.290536
0.250948
0.265323
0.295876
0.211416
0.215079
0.310212
0.164912
0.2339
0.220539
0.228507
0.3268
0.305673
0.240554
0.138919
0.317432
0.412696
0.277911
0.157292
0.296854
0.208279
0.162867
0.245381
0.374751
0.260236
0.300887
0.16361
0.2884
0.330561
0.203817
0.234963
0.258951
0.215415
0.31746
0.162755
0.221781
0.185376
0.19057
0.307864
0.24179
0.245288
0.11788
0.240635
0.228663
0.150225
0.104828
0.209722
0.271964
0.19381
0.21991
0.225276
0.284089
0.0990076
0.222594
0.22885
0.174544
0.243182
0.186333
0.2109
0.25087
0.169641
0.260365
0.193601
0.26741
0.200312
0.26839
0.260629
0.198976
0.212626
0.210783
0.318417
0.259178
0.286914
0.30813
0.258063
0.354509
0.322312
0.322664
0.239909
0.27973
0.336774
0.402656
0.280029
0.118113
0.296598
0.380411
0.200215
0.274663
0.270145
0.193553
0.238684
0.18341
0.253726
0.174099
0.368514
0.173196
0.339662
0.231357
0.276529
0.159433
0.157889
0.224587
0.247149
0.218358
0.311661
0.287441
0.296525
0.209209
0.245416
0.207019
0.281205
0.293137
0.342457
0.258214
0.176237
0.319431
0.365457
0.321961
0.395392
0.362337
0.3536
0.285013
0.301379
0.347373
0.255748
0.244655
0.190705
0.276331
0.299134
0.310497
0.318133
0.218485
0.397759
0.367076
0.295441
0.338271
0.242034
0.221559
0.276633
0.308466
0.317669
0.202559
0.182222
0.173872
0.201737
0.278374
0.184797
0.16264
0.287625
0.331579
0.278321
0.374176
0.36308
0.194867
0.29773
0.329772
0.25448
0.223272
0.284435
0.290837
0.21749
0.297822
0.251778
0.161052
0.25476
0.203444
0.192786
0.206894
0.316502
0.22862
0.279081
0.256962
0.350201
0.29754
0.346545
0.401282
0.398066
0.338221
0.216625
0.2995
0.238636
0.242984
0.195387
0.296782
0.174316
0.213062
0.305316
0.291121
0.352028
0.253707
0.212737
0.273859
0.354392
0.290428
0.206525
0.262595
0.275282
0.233909
0.279586
0.295927
0.233513
0.246482
0.397535
0.222147
0.191834
0.39652
0.156289
0.216975
0.218069
0.263124
0.181024
0.156132
0.395988
0.23503
0.263008
0.230816
0.296987
0.275155
0.127274
0.209966
0.210268
0.277837
0.167168
0.137042
0.310405
0.225218
0.339095
0.199354
0.312002
0.173407
0.244531
0.297521
0.272812
0.156347
0.266712
0.282792
0.315542
0.23741
0.202998
0.213294
0.262435
0.252565
0.243821
0.234398
0.324666
0.275502
0.239466
0.238978
0.235017
0.314807
0.300888
0.233648
0.349552
0.275526
0.257786
0.277811
0.293182
0.217784
0.292095
0.344935
0.210059
0.299668
0.29778
0.417616
0.379384
0.262355
0.27275
0.301824
0.310624
0.296532
0.254145
0.260616
0.373207
0.342185
0.227361
0.329061
0.286536
0.219298
0.326025
0.416094
0.404307
0.350459
0.332732
0.24052
0.254804
0.247051
0.233727
0.320245
0.281903
0.261132
0.305048
0.237647
0.255264
0.310376
0.261652
0.234538
0.467448
0.262982
0.259543
0.284141
0.258792
0.269658
0.2979
0.274217
0.271886
0.27525
0.331543
0.230297
0.364605
0.321125
0.183191
0.207051
0.298935
0.237045
0.240026
0.178997
0.273795
0.241187
0.312615
0.191378
0.23941
0.273333
0.184979
0.328555
0.310503
0.240469
0.217506
0.265739
0.344611
0.245692
0.250082
0.232322
0.285259
0.287423
0.233614
0.214183
0.212676
0.200046
0.147442
0.239069
0.172915
0.261263
0.270452
0.199727
0.290579
0.237991
0.254569
0.273643
0.224512
0.272687
0.420025
0.37622
0.319996
0.255988
0.299893
0.249954
0.259182
0.292052
0.274111
0.291523
0.286962
0.269098
0.305816
0.142535
0.271357
0.313769
0.31888
0.350239
0.209636
0.286943
0.273409
0.302483
0.426732
0.321277
0.21375
0.135923
0.321959
0.266448
0.217033
0.359285
0.34496
0.255676
0.370938
0.203127
0.234594
0.237715
0.2117
0.261048
0.261731
0.2151
0.304617
0.172797
0.326403
0.271448
0.324765
0.317592
0.2656
0.279981
0.255594
0.261554
0.315465
0.221558
0.327466
0.300199
0.360812
0.148843
0.30832
0.249368
0.248116
0.217579
0.147434
0.235349
0.246216
0.30768
0.155784
0.218132
0.168273
0.388376
0.14508
0.174712
0.197806
0.249338
0.170145
0.288933
0.204904
0.308355
0.295569
0.2518
0.142833
0.157766
0.275369
0.181357
0.178164
0.193455
0.123104
0.251645
0.259353
0.20594
0.330054
0.236532
0.278234
0.238155
0.24074
0.267544
0.263409
0.320795
0.298925
0.280075
0.300693
0.308419
0.327697
0.259024
0.253575
0.296773
0.252631
0.167667
0.183858
0.177986
0.246609
0.268801
0.281851
0.212119
0.286365
0.296988
0.227624
0.343835
0.29115
0.247205
0.278233
0.395402
0.222218
0.206404
0.195402
0.231839
0.281418
0.303537
0.37254
0.376629
0.326542
0.206335
0.306037
0.194792
0.262805
0.188089
0.238554
0.195498
0.218642
0.185039
0.27848
0.14525
0.140037
0.16728
0.284905
0.298217
0.342643
0.109879
0.242114
0.278632
0.232384
0.245642
0.216012
0.267024
0.212512
0.212579
0.294562
0.279806
0.231232
0.235298
0.213349
0.14518
0.252394
0.27377
0.171716
0.140987
0.194447
0.242281
0.290414
0.260972
0.370804
0.250382
0.323529
0.207506
0.293919
0.165435
0.225089
0.331042
0.169274
0.201446
0.255378
0.280146
0.259598
0.255554
0.24137
0.257157
0.316774
0.340655
0.239348
0.311334
0.351827
0.23395
0.34945
0.331276
0.157573
0.175238
0.224742
0.285367
0.267244
0.238867
0.169422
0.300065
0.308247
0.219209
0.236337
0.24894
0.329288
0.293234
0.248885
0.336798
0.269445
0.342766
0.298973
0.256082
0.146428
0.144438
0.24843
0.182273
0.164489
0.233493
0.210989
0.256585
0.22837
0.296376
0.262873
0.323147
0.294212
0.161332
0.133927
0.256316
0.24435
0.258811
0.256398
0.327655
0.258108
0.231685
0.349133
0.17524
0.290228
0.290934
0.356896
0.146543
0.199037
0.299332
0.311212
0.199057
0.254344
0.230951
0.327382
0.296946
0.319202
0.198412
0.217809
0.24697
0.321409
0.232776
0.311028
0.444871
0.216543
0.243079
0.270933
0.289615
0.252843
0.164986
0.194741
0.241005
0.181484
0.154128
0.309064
0.314824
0.285837
0.303416
0.169737
0.226121
0.336081
0.260342
0.370594
0.187649
0.273843
0.376256
0.313709
0.309243
0.315279
0.313058
0.261282
0.177877
0.219925
0.323029
0.326646
0.232117
0.227419
0.305746
0.249721
0.319747
0.27787
0.28166
0.296459
0.29972
0.330449
0.335463
0.200398
0.315549
0.17083
0.327195
0.366431
0.223951
0.254807
0.269104
0.351912
0.296144
0.187793
0.221645
0.290148
0.177104
0.21447
0.141307
0.275154
0.267152
0.199988
0.251912
0.217649
0.262098
0.330278
0.371832
0.282595
0.254434
0.214496
0.269601
0.270672
0.296459
0.332492
0.216247
0.344685
0.239785
0.274715
0.284461
0.289698
0.31423
0.296233
0.189697
0.252619
0.370067
0.361169
0.312036
0.327975
0.208224
0.207061
0.343972
0.241041
0.286766
0.255143
0.203697
0.241602
0.217649
0.347529
0.19982
0.250554
0.244733
0.198575
0.277886
0.410635
0.280576
0.200782
0.311668
0.316149
0.246837
0.23831
0.234948
0.314865
0.339419
0.372371
0.327745
0.3712
0.33119
0.363701
0.214317
0.312844
0.30407
0.335304
0.306464
0.321572
0.245237
0.312157
0.299078
0.277932
0.362107
0.278592
0.267337
0.276389
0.243748
0.251825
0.286336
0.306862
0.268871
0.37211
0.309353
0.205717
0.197347
0.202483
0.278224
0.219247
0.292745
0.273114
0.242588
0.187876
0.186721
0.286747
0.240383
0.346449
0.259641
0.353637
0.332607
0.259238
0.380709
0.201939
0.223078
0.277958
0.288408
0.216902
0.231784
0.25746
0.182024
0.315428
0.203137
0.269501
0.27056
0.271904
0.341149
0.155752
0.311958
0.281408
0.24611
0.414867
0.331472
0.367176
0.394423
0.351629
0.359501
0.254767
0.326446
0.315497
0.192693
0.325792
0.35945
0.290866
0.310955
0.209896
0.250976
0.359791
0.266396
0.255615
0.31293
0.223742
0.283248
0.277991
0.242219
0.293387
0.262226
0.229651
0.206842
0.255842
0.125071
0.14112
0.272502
0.309758
0.243097
0.293267
0.184184
0.220507
0.2747
0.240028
0.226437
0.190514
0.228925
0.24381
0.176567
0.180348
0.138079
0.274378
0.210502
0.255271
0.244834
0.290672
0.225355
0.188516
0.295157
0.193732
0.19391
0.178455
0.201472
0.196472
0.303144
0.228617
0.21643
0.295141
0.250733
0.272532
0.209478
0.280554
0.331051
0.232769
0.270879
0.365036
0.256533
0.163691
0.357971
0.346055
0.197286
0.190966
0.136663
0.197203
0.359234
0.394329
0.192778
0.242066
0.147842
0.239379
0.202531
0.192333
0.154973
0.114878
0.258494
0.250514
0.232979
0.235624
0.180952
0.168307
0.182068
0.293583
0.323999
0.268852
0.289061
0.241247
0.32696
0.310302
0.294831
0.246369
0.21606
0.297204
0.199796
0.216167
0.27567
0.317779
0.392007
0.312104
0.289761
0.454973
0.183825
0.243831
0.256506
0.176556
0.231297
0.315464
0.22212
0.330886
0.328602
0.309605
0.336584
0.357784
0.262483
0.264584
0.186132
0.298351
0.208664
0.321601
0.249709
0.250122
0.285591
0.113227
0.233394
0.386832
0.335741
0.217908
0.229951
0.267248
0.382249
0.26889
0.204256
0.269151
0.225934
0.197505
0.205359
0.192001
0.26252
0.229004
0.242924
0.190835
0.271677
0.261839
0.290308
0.267162
0.239981
0.196558
0.319202
0.328959
0.280805
0.349301
0.348011
0.254323
0.242498
0.182338
0.169999
0.305127
0.325271
0.352053
0.339763
0.237423
0.275121
0.295488
0.291594
0.366194
0.212342
0.268552
0.216444
0.368925
0.249009
0.308508
0.340326
0.34386
0.279486
0.275276
0.327554
0.379515
0.353978
0.317725
0.340798
0.342862
0.178047
0.267296
0.350713
0.355706
0.262859
0.316645
0.298494
0.310145
0.258164
0.247441
0.333069
0.254662
0.276019
0.255033
0.33222
0.282528
0.328391
0.296854
0.324071
0.206776
0.28645
0.163739
0.268927
0.238168
0.233103
0.189588
0.215364
0.275463
0.315051
0.335612
0.344861
0.350488
0.15967
0.187103
0.259173
0.220471
0.174131
0.327525
0.324871
0.240333
0.292472
0.346437
0.438798
0.323712
0.30502
0.301206
0.339858
0.291673
0.326789
0.282501
0.169887
0.247009
0.290706
0.230143
0.20789
0.245633
0.345978
0.265635
0.209745
0.168971
0.255614
0.244701
0.252243
0.307288
0.319784
0.249703
0.255172
0.20831
0.279182
0.188591
0.272266
0.291425
0.315083
0.285294
0.290575
0.199898
0.248329
0.309366
0.339302
0.252896
0.213947
0.33154
0.324131
0.322584
0.317184
0.370847
0.270263
0.285085
0.294094
0.20279
0.20448
0.288848
0.268884
0.224428
0.30208
0.358865
0.317546
0.260077
0.366747
0.268548
0.35273
0.362808
0.392618
0.40878
0.27192
0.169149
0.29108
0.320151
0.450162
0.155559
0.212094
0.340607
0.397648
0.194646
0.355288
0.178679
0.206147
0.21817
0.397069
0.208176
0.249536
0.285486
0.274521
0.186984
0.248974
0.251061
0.15682
0.317859
0.194471
0.276435
0.210472
0.171075
0.232514
0.284633
0.284778
0.18235
0.211457
0.32277
0.362026
0.283629
0.254818
0.198709
0.278549
0.265135
0.279413
0.162685
0.286356
0.238848
0.142629
0.148266
0.199396
0.289585
0.268847
0.229477
0.196138
0.303456
0.290448
0.128708
0.253333
0.208599
0.269144
0.300344
0.204405
0.296551
0.256704
0.30097
0.288791
0.172779
0.250632
0.308183
0.208499
0.183848
0.364212
0.316492
0.177142
0.277796
0.283618
0.314363
0.29333
0.276373
0.32254
0.275768
0.321358
0.372485
0.341299
0.31054
0.190138
0.276379
0.251712
0.307238
0.27651
0.229228
0.274191
0.291161
0.254607
0.250339
0.27989
0.27407
0.237169
0.152355
0.19289
0.277335
0.276819
0.197318
0.300258
0.341984
0.311632
0.242192
0.225049
0.216803
0.279011
0.158
0.207849
0.259399
0.192731
0.20515
0.244997
0.267807
0.242751
0.330908
0.24664
0.234614
0.282761
0.222643
0.166769
0.238064
0.316471
0.202558
0.222801
0.256731
0.262422
0.150504
0.20069
0.198283
0.324026
0.254981
0.196085
0.14668
0.19379
0.315229
0.319558
0.298608
0.226747
0.207732
0.172064
0.312078
0.302414
0.269291
0.32937
0.287708
0.228029
0.152685
0.288133
0.218714
0.25154
0.276436
0.250776
0.305769
0.256557
0.310066
0.176618
0.200279
0.260889
0.260499
0.237043
0.323533
0.261782
0.217365
0.284008
0.206579
0.256131
0.305332
0.330279
0.228484
0.312908
