0.37692
0.246245
0.453984
0.465362
0.336702
0.364493
0.321042
0.198272
0.32432
0.316321
0.282163
0.270031
0.237794
0.232602
0.246245
0.291882
0.312977
0.218324
0.226414
0.251326
0.301108
0.266912
0.223174
0.270104
0.208382
0.196975
0.140148
0.226699
0.215802
0.203928
0.250558
0.248266
0.258586
0.1767
0.259664
0.201211
0.215169
0.280655
0.169924
0.226377
0.282873
0.23051
0.234742
0.181968
0.239132
0.177671
0.309842
0.332197
0.191265
0.277937
0.303613
0.313387
0.112891
0.223033
0.238622
0.140359
0.194528
0.223852
0.260684
0.2646
0.398645
0.21401
0.240798
0.249235
0.291346
0.351231
0.325438
0.329602
0.322287
0.211043
0.301673
0.188621
0.145271
0.129086
0.216414
0.253173
0.207005
0.171414
0.122083
0.12082
0.223273
0.163449
0.190228
0.183198
0.124804
0.172827
0.151419
0.20919
0.181054
0.229371
0.24419
0.277615
0.221454
0.230956
0.253545
0.207462
0.0892301
0.097519
0.160339
0.203552
0.20591
0.249108
0.204296
0.0926772
0.192822
0.244004
0.177844
0.248093
0.184309
0.128496
0.137354
0.123489
0.15173
0.191787
0.210382
0.172954
0.218301
0.223587
0.195051
0.0905546
0.16304
0.198567
0.212303
0.198952
0.290471
0.18309
0.232837
0.295248
0.251272
0.241724
0.292123
0.154528
0.202345
0.231261
0.31367
0.171949
0.223106
0.295201
0.364332
0.324168
0.322685
0.191646
0.214051
0.244872
0.246595
0.250694
0.201258
0.170557
0.243487
0.237749
0.185206
0.282516
0.304601
0.22322
0.160458
0.240725
0.236868
0.306443
0.288002
0.361059
0.215978
0.256183
0.309041
0.354439
0.175405
0.241651
0.307819
0.293127
0.145215
0.177605
0.18494
0.199029
0.226191
0.23714
0.207324
0.348102
0.317637
0.206852
0.219735
0.151798
0.218815
0.214232
0.164854
0.259757
0.235379
0.129824
0.113008
0.21338
0.236836
0.213924
0.245592
0.243529
0.24103
0.148838
0.214293
0.250972
0.253892
0.26152
0.236707
0.241791
0.212143
0.189037
0.224636
0.223603
0.141431
0.176158
0.238111
0.304094
0.186686
0.229787
0.243025
0.277622
0.24884
0.274846
0.254595
0.177008
0.182831
0.165264
0.231751
0.284291
0.21676
0.24409
0.276197
0.392765
0.211065
0.13491
0.28411
0.237169
0.319377
0.168425
0.181415
0.283805
0.329326
0.135876
0.221468
0.262181
0.156961
0.181938
0.232192
0.335992
0.161373
0.326827
0.274192
0.276741
0.143926
0.222174
0.199969
0.194639
0.260644
0.141989
0.214729
0.151211
0.13323
0.240937
0.21831
0.25046
0.231061
0.118023
0.132593
0.198717
0.17347
0.126543
0.232082
0.156023
0.256275
0.286498
0.172996
0.298936
0.138808
0.20108
0.235074
0.253637
0.275987
0.219539
0.284731
0.210222
0.147059
0.243874
0.164381
0.229881
0.226709
0.186222
0.146766
0.200494
0.162038
0.286467
0.172588
0.239364
0.230185
0.252445
0.293546
0.326068
0.189601
0.12469
0.147915
0.310016
0.176768
0.133094
0.160298
0.214091
0.19282
0.0840732
0.264233
0.219531
0.243387
0.222607
0.201167
0.179577
0.225629
0.171683
0.289808
0.225031
0.262154
0.303294
0.215319
0.21763
0.273532
0.323338
0.260577
0.253049
0.184719
0.288942
0.246327
0.24641
0.164478
0.423576
0.27516
0.123857
0.246271
0.155805
0.262397
0.273645
0.319799
0.355919
0.211005
0.183222
0.248884
0.285117
0.180575
0.320902
0.210118
0.188398
0.235933
0.286908
0.120104
0.230065
0.284634
0.323724
0.247145
0.173011
0.11501
0.236464
0.221579
0.223015
0.160547
0.111835
0.132868
0.119868
0.203522
0.326371
0.154063
0.15676
0.154
0.207142
0.129451
0.178076
0.138369
0.204794
0.127498
0.117836
0.112853
0.146174
0.181568
0.20425
0.171481
0.225472
0.221792
0.174908
0.219552
0.197566
0.336792
0.359683
0.225324
0.254688
0.234815
0.292405
0.229317
0.256739
0.236359
0.247242
0.167028
0.277075
0.13818
0.104082
0.217067
0.130078
0.271358
0.243389
0.197585
0.190326
0.137992
0.242087
0.237778
0.23038
0.168549
0.173882
0.194625
0.245533
0.187376
0.173258
0.122568
0.128669
0.158605
0.193896
0.231916
0.234019
0.253075
0.32806
0.345975
0.198934
0.21272
0.264245
0.279482
0.275474
0.233151
0.281694
0.241477
0.246899
0.247888
0.255811
0.178408
0.241148
0.16915
0.291531
0.28439
0.209999
0.228603
0.272522
0.328216
0.321613
0.396261
0.39801
0.350618
0.310773
0.257842
0.248245
0.147868
0.278038
0.134031
0.282086
0.312486
0.213023
0.290245
0.245954
0.270353
0.207012
0.251548
0.331326
0.325858
0.29699
0.240639
0.191968
0.262155
0.150392
0.26276
0.251493
0.253768
0.305472
0.245849
0.214836
0.244444
0.252051
0.168381
0.233531
0.126996
0.203046
0.125356
0.293841
0.177878
0.162474
0.197259
0.151579
0.307193
0.120622
0.227279
0.234168
0.18082
0.174091
0.173759
0.226341
0.140029
0.173838
0.203192
0.232844
0.233209
0.271689
0.234635
0.246453
0.25116
0.225728
0.264693
0.167435
0.159658
0.229629
0.185138
0.160483
0.124526
0.105394
0.228066
0.106882
0.179425
0.191416
0.203485
0.270941
0.129905
0.1761
0.144368
0.119158
0.15309
0.16714
0.248823
0.164627
0.236136
0.198727
0.219041
0.259276
0.13111
0.178808
0.183132
0.124389
0.249543
0.247671
0.141417
0.267042
0.164597
0.207333
0.322901
0.077926
0.220744
0.176864
0.217717
0.193559
0.185446
0.169049
0.189923
0.180278
0.179374
0.197441
0.196242
0.147773
0.173098
0.222787
0.150893
0.2596
0.139958
0.201446
0.252419
0.291481
0.202082
0.338839
0.250932
0.22967
0.229538
0.236465
0.259456
0.239908
0.180638
0.15009
0.256989
0.341621
0.256461
0.143362
0.171816
0.234014
0.2292
0.22498
0.202259
0.172072
0.207902
0.194348
0.225963
0.169325
0.20495
0.284982
0.221219
0.267889
0.247122
0.282277
0.238731
0.251046
0.211751
0.325734
0.26307
0.278459
0.305553
0.305238
0.232288
0.234104
0.364596
0.251168
0.137519
0.0966744
0.383747
0.254292
0.316347
0.161102
0.156707
0.227404
0.220018
0.276978
0.315875
0.22415
0.316521
0.216565
0.27723
0.21873
0.236695
0.204151
0.245102
0.268182
0.264645
0.198596
0.340901
0.253216
0.264899
0.241657
0.253717
0.30453
0.242096
0.268928
0.222732
0.310013
0.205369
0.153179
0.273981
0.185411
0.240964
0.235787
0.155568
0.383983
0.217371
0.221187
0.168377
0.202645
0.175871
0.288029
0.188192
0.223243
0.257489
0.144571
0.195272
0.213092
0.201307
0.334431
0.222628
0.141883
0.157923
0.085357
0.191961
0.291965
0.239068
0.223535
0.136172
0.184339
0.171823
0.232206
0.259687
0.376434
0.236744
0.255703
0.25055
0.33537
0.252544
0.344404
0.390526
0.227117
0.167885
0.2143
0.224555
0.254553
0.266655
0.233026
0.158367
0.234905
0.251972
0.202826
0.197309
0.383113
0.252647
0.11739
0.186706
0.223607
0.157923
0.216246
0.167801
0.211004
0.166228
0.239612
0.252971
0.261638
0.33243
0.281871
0.396866
0.305058
0.306153
0.24474
0.271262
0.265903
0.28469
0.179104
0.258709
0.24775
0.263643
0.273253
0.244644
0.119386
0.297783
0.360328
0.224362
0.215418
0.26995
0.116306
0.355576
0.257044
0.14491
0.163733
0.342112
0.165085
0.140547
0.242122
0.115901
0.12954
0.303028
0.247108
0.364872
0.177884
0.224464
0.244758
0.238246
0.202033
0.254818
0.144478
0.172615
0.222127
0.205691
0.276259
0.222305
0.239012
0.219907
0.256179
0.135448
0.240851
0.171767
0.197726
0.181107
0.28953
0.252935
0.153248
0.247097
0.254759
0.160977
0.131572
0.212442
0.298828
0.16961
0.202157
0.190947
0.203638
0.240984
0.260063
0.14268
0.146323
0.192971
0.363956
0.198642
0.143479
0.227915
0.147741
0.222642
0.190405
0.18809
0.274301
0.194008
0.231258
0.186876
0.200016
0.210504
0.114447
0.218308
0.201699
0.27358
0.175562
0.206279
0.127835
0.1628
0.220275
0.157318
0.177246
0.128792
0.270671
0.187039
0.120953
0.191728
0.26567
0.237953
0.197088
0.158476
0.149476
0.172134
0.0859356
0.277741
0.164349
0.206157
0.241174
0.266464
0.269256
0.121022
0.215331
0.248233
0.208932
0.189174
0.107918
0.146711
0.20004
0.133023
0.199994
0.23197
0.215494
0.371055
0.306489
0.345112
0.303801
0.299176
0.359876
0.29585
0.315927
0.193299
0.156618
0.210524
0.274149
0.186905
0.263279
0.282708
0.189078
0.279974
0.168154
0.211623
0.138405
0.179373
0.171906
0.121593
0.169252
0.294843
0.238162
0.199504
0.211386
0.24498
0.250504
0.324668
0.279184
0.274684
0.393778
0.227673
0.122381
0.251501
0.224299
0.267116
0.378409
0.324279
0.328791
0.234212
0.289055
0.242997
0.260368
0.262348
0.244763
0.36514
0.0877196
0.189726
0.327898
0.253845
0.260702
0.199442
0.157116
0.203724
0.263263
0.295903
0.270933
0.312787
0.209136
0.170444
0.173105
0.304905
0.255907
0.229374
0.254621
0.250358
0.277098
0.237126
0.253705
0.151322
0.228197
0.317967
0.211717
0.246561
0.265797
0.183305
0.219287
0.186987
0.222292
0.252276
0.287567
0.2838
0.230482
0.0996293
0.170509
0.184414
0.211395
0.22437
0.225995
0.274427
0.280971
0.240704
0.19455
0.155559
0.217009
0.149134
0.198449
0.233076
0.22814
0.208791
0.224786
0.224134
0.253348
0.204851
0.139849
0.2623
0.225957
0.239512
0.190803
0.232353
0.264502
0.181243
0.270899
0.226271
0.327815
0.305086
0.229525
0.206706
0.323091
0.34014
0.18437
0.263767
0.116202
0.350384
0.213228
0.179282
0.245243
0.213584
0.245894
0.33275
0.234508
0.279735
0.266242
0.229027
0.278078
0.193416
0.243551
0.253404
0.334819
0.296837
0.218087
0.212899
0.227462
0.265977
0.341905
0.298628
0.282389
0.352452
0.275263
0.308564
0.164104
0.247383
0.232111
0.348998
0.352586
0.249466
0.196454
0.27298
0.178049
0.220815
0.244288
0.328075
0.259158
0.227882
0.22328
0.240537
0.232674
0.113943
0.196851
0.240642
0.242761
0.272215
0.242805
0.253413
0.198969
0.14971
0.226424
0.285496
0.351358
0.190316
0.327384
0.162481
0.177438
0.243672
0.20359
0.211725
0.243248
0.258214
0.280972
0.311272
0.302371
0.383137
0.269361
0.185336
0.170536
0.214998
0.196834
0.202591
0.312944
0.165821
0.264122
0.281087
0.254584
0.195414
0.275009
0.143471
0.10456
0.164037
0.328937
0.230727
0.213254
0.233336
0.171831
0.295636
0.28015
0.250661
0.294642
0.396698
0.481182
0.429297
0.343823
0.294826
0.209104
0.250488
0.348533
0.277887
0.363512
0.238148
0.230666
0.224058
0.230404
0.151576
0.202821
0.271599
0.328277
0.311929
0.416449
0.348458
0.277905
0.119039
0.202111
0.121805
0.200604
0.237023
0.229402
0.129823
0.24649
0.242252
0.277644
0.230876
0.292501
0.310611
0.293083
0.276507
0.258473
0.226818
0.236855
0.215133
0.313638
0.307252
0.274362
0.252929
0.221416
0.189087
0.220952
0.246546
0.274457
0.299967
0.139361
0.185152
0.296055
0.261849
0.194844
0.142825
0.163442
0.200661
0.241437
0.272387
0.252699
0.216961
0.350355
0.183092
0.230357
0.214099
0.260677
0.27408
0.159245
0.245702
0.253406
0.209955
0.174605
0.246407
0.182854
0.177292
0.242558
0.267792
0.354555
0.199407
0.147594
0.0881931
0.186877
0.148253
0.279361
0.21147
0.263006
0.124121
0.220398
0.176181
0.150603
0.191084
0.117674
0.10463
0.236946
0.258225
0.30096
0.28949
0.312204
0.202963
0.256724
0.181396
0.19292
0.270173
0.159997
0.264721
0.244602
0.206347
0.259956
0.253517
0.193211
0.248387
0.276133
0.290809
0.212131
0.161862
0.157555
0.152903
0.203162
0.169043
0.115304
0.15726
0.143823
0.213058
0.149307
0.229563
0.216889
0.226838
0.179586
0.192458
0.133321
0.115664
0.22471
0.275298
0.289002
0.384048
0.255805
0.123297
0.198463
0.211419
0.232999
0.266071
0.333808
0.384772
0.319502
0.356862
0.320279
0.244826
0.261302
0.317664
0.298474
0.149439
0.293314
0.234996
0.154555
0.222573
0.243888
0.179775
0.154253
0.235354
0.142806
0.126911
0.172008
0.203449
0.183435
0.148841
0.211163
0.222515
0.174884
0.263073
0.265693
0.228351
0.261536
0.241429
0.184221
0.226591
0.27552
0.291949
0.276142
0.217646
0.159041
0.226287
0.250846
0.0965939
0.192164
0.238987
0.235111
0.23066
0.21789
0.235923
0.263744
0.2734
0.331289
0.325438
0.24283
0.270732
0.253287
0.227353
0.267684
0.188984
0.137169
0.189412
0.331876
0.228558
0.138892
0.113293
0.183107
0.248219
0.211071
0.221038
0.234864
0.248337
0.208275
0.203578
0.128715
0.178399
0.204697
0.106762
0.202657
0.268794
0.2473
0.265422
0.331071
0.200261
0.239827
0.139941
0.202191
0.318887
0.188254
0.348173
0.245851
0.153233
0.234249
0.253927
0.337539
0.141922
0.196678
0.233397
0.270248
0.275738
0.236414
0.289112
0.142592
0.218556
0.15553
0.234177
0.282945
0.249847
0.38406
0.225452
0.297905
0.339143
0.304237
0.293995
0.262045
0.264884
0.247313
0.276079
0.417668
0.136097
0.345921
0.196744
0.111626
0.347322
0.289317
0.167003
0.166733
0.299165
0.211018
0.213351
0.185944
0.226055
0.235815
0.262178
0.237217
0.260199
0.327082
0.25065
0.288866
0.150788
0.243209
0.276075
0.231719
0.303497
0.255907
0.236855
0.260603
0.221237
0.189452
0.355874
0.284708
0.227144
0.269863
0.234759
0.221433
0.190652
0.149304
0.252094
0.346081
0.189334
0.296302
0.301332
0.186441
0.292724
0.17108
0.237561
0.225066
0.206451
0.0854242
0.136689
0.216307
0.159361
0.182962
0.242692
0.280345
0.304936
0.264181
0.2091
0.372415
0.387702
0.265384
0.34074
0.277899
0.235032
0.23533
0.213964
0.202212
0.164501
0.226431
0.350293
0.129015
0.196565
0.195405
0.191307
0.139245
0.142523
0.231902
0.240898
0.275257
0.272285
0.27059
0.26647
0.229959
0.201381
0.220085
0.203629
0.18492
0.257042
0.250784
0.205769
0.0976438
0.150869
0.241786
0.134001
0.198533
0.187643
0.210464
0.115608
0.189114
0.115376
0.163883
0.215964
0.214003
0.202258
0.24096
0.254981
0.180856
0.234743
0.184274
0.271715
0.245546
0.260999
0.299756
0.147504
0.231553
0.2472
0.26671
0.351529
0.273504
0.175687
0.235446
0.12969
0.23066
0.236287
0.126863
0.185548
0.257197
0.183022
0.288626
0.30863
0.315744
0.208267
0.210842
0.223066
0.141641
0.297728
0.261223
0.221661
0.241677
0.189728
0.268109
0.184012
0.219112
0.270707
0.178538
0.193361
0.241519
0.122094
0.237006
0.221379
0.185888
0.210858
0.228053
0.270944
0.18945
0.121554
0.215234
0.314684
0.159264
0.253348
0.386113
0.235551
0.270382
0.26311
0.284017
0.219139
0.0989162
0.287818
0.354973
0.297639
0.314549
0.299695
0.302087
0.20669
0.235009
0.208038
0.259989
0.249327
0.178305
0.138112
0.266278
0.240141
0.235821
0.229011
0.252423
0.0849605
0.241968
0.356957
0.242363
0.308808
0.181153
0.179081
0.254167
0.152413
0.285921
0.260791
0.216161
0.131756
0.192163
0.146664
0.177094
0.302513
0.29436
0.256337
0.267352
0.174523
0.249371
0.101541
0.184318
0.215518
0.285658
0.234527
0.228145
0.165502
0.142183
0.090184
0.169825
0.276552
0.188374
0.15781
0.277945
0.202169
0.250248
0.0982182
0.24743
0.219587
0.169033
0.216799
0.181825
0.235066
0.207768
0.223714
0.346185
0.229921
0.195397
0.235251
0.225494
0.283525
0.278495
0.258017
0.311007
0.104821
0.236972
0.285295
0.199918
0.217039
0.147075
0.17881
0.196893
0.191321
0.243838
0.267044
0.298091
0.111681
0.198414
0.335456
0.189914
0.15822
0.259807
0.321544
0.143462
0.15256
0.200199
0.233547
0.250894
0.292549
0.247547
0.270579
0.267511
0.212835
0.167051
0.278599
0.231809
0.213916
0.203086
0.245266
0.172453
0.181412
0.181766
0.225342
0.29336
0.197277
0.232198
0.194967
0.218095
0.154057
0.182107
0.249466
0.1277
0.153665
0.184799
0.306456
0.247747
0.239652
0.142572
0.254324
0.22185
0.316154
0.279728
0.272023
0.118138
0.252712
0.270897
0.294001
0.239837
0.231286
0.302028
0.308606
0.401933
0.248477
0.26205
0.239571
0.376828
0.234279
0.212722
0.263069
0.242239
0.281432
0.235869
0.329172
0.262376
0.199599
0.219004
0.316462
0.339837
0.323389
0.277702
0.130276
0.270479
0.2427
0.273701
0.200579
0.229764
0.209209
0.32091
0.290532
0.345737
0.352477
0.270711
0.360101
0.279696
0.339989
0.282288
0.303063
0.297957
0.210175
0.41568
0.310701
0.239895
0.361038
0.174406
0.198145
0.239408
0.147806
0.257594
0.357209
0.318708
0.234764
0.289613
0.125179
0.165457
0.224726
0.255993
0.261257
0.167542
0.266803
0.246907
0.332746
0.189049
0.228676
0.268301
0.335529
0.322884
0.273964
0.290444
0.142779
0.278047
0.286225
0.271196
0.182772
0.248225
0.233651
0.275586
0.301298
0.187174
0.205329
0.215544
0.400633
0.249592
0.248432
0.170626
0.260562
0.170275
0.145643
0.133761
0.157384
0.172133
0.117669
0.268795
0.215795
0.174843
0.236488
0.384162
0.346101
0.323629
0.178031
0.099407
0.282778
0.210489
0.231221
0.131706
0.226401
0.197568
0.132341
0.247741
0.232469
0.202176
0.142833
0.11546
0.203066
0.249683
0.252543
0.316703
0.141587
0.21882
0.22976
0.139782
0.25082
0.12424
0.120152
0.175488
0.218035
0.209637
0.325939
0.15066
0.261863
0.265318
0.100834
0.181376
0.143964
0.118675
0.124621
0.224055
0.222587
0.229557
0.306955
0.340815
0.33423
0.128224
0.218959
0.254189
0.212522
0.222562
0.14137
0.22069
0.196659
0.176774
0.225598
0.12851
0.233437
0.204553
0.203671
0.279089
0.255579
0.208392
0.151009
0.178798
0.220698
0.257179
0.121985
0.267368
0.29343
0.249473
0.286584
0.232548
0.130189
0.226695
0.236746
0.289114
0.274287
0.350065
0.215662
0.16631
0.202957
0.313148
0.185397
0.145123
0.190571
0.250116
0.207631
0.212495
0.173568
0.320238
0.439897
0.340186
0.304603
0.282909
0.320472
0.261681
0.323028
0.319969
0.359283
0.314167
0.263983
0.11309
0.256503
0.199673
0.230145
0.240157
0.161953
0.235163
0.229421
0.186291
0.294316
0.182922
0.281898
0.140057
0.135751
0.167502
0.244447
0.173764
0.105605
0.169005
0.186597
0.230946
0.255046
0.221619
0.183462
0.200253
0.162981
0.106744
0.246701
0.12864
0.262465
0.198642
0.104422
0.226205
0.120547
0.127323
0.150379
0.223654
0.189151
0.181488
0.215407
0.258458
0.206325
0.184833
0.258137
0.280059
0.228127
0.313181
0.1063
0.12376
0.261614
0.142905
0.185248
0.25812
0.308585
0.269071
0.162719
0.254701
0.245659
0.159601
0.151414
0.208379
0.292317
0.134133
0.234123
0.213758
0.245225
0.091048
0.229038
0.302797
0.183964
0.209117
0.203728
0.241757
0.152852
0.143784
0.213808
0.269464
0.251468
0.306137
0.154962
0.255841
0.141975
0.190073
0.214392
0.265575
0.264507
0.329097
0.263094
0.307161
0.170171
0.0916747
0.27087
0.22805
0.110731
0.203868
0.1904
0.261578
0.27721
0.230061
0.276327
0.293673
0.153826
0.316947
0.217641
0.167948
0.193648
0.173693
0.23468
0.162722
0.147884
0.228819
0.146052
0.384403
0.317233
0.198924
0.210408
0.19701
0.275237
0.281761
0.272141
0.214135
0.307929
0.25751
0.295841
0.232888
0.205499
0.232913
0.302049
0.28244
0.15533
0.215368
0.16011
0.253256
0.248464
0.0994167
0.228163
0.219883
0.246461
0.236019
0.212842
0.215414
0.240926
0.237663
0.270054
0.163308
0.152986
0.238686
0.332531
0.178918
0.170331
0.20282
0.267527
0.173001
0.194742
0.226547
0.136195
0.204479
0.155912
0.207227
0.221439
0.2609
0.351399
0.175242
0.252988
0.262653
0.210545
0.313659
0.218969
0.199052
0.150657
0.11862
0.154077
0.251037
0.161719
0.227711
0.294429
0.321408
0.270675
0.268857
0.167783
0.161375
0.229149
0.224937
0.116984
0.190885
0.263361
0.136623
0.252409
0.22002
0.238248
0.273044
0.240814
0.2957
0.325267
0.227101
0.318951
0.185096
0.295836
0.313364
0.278926
0.273838
0.247171
0.2406
0.258089
0.179784
0.261107
0.259553
0.280338
0.240251
0.106099
0.175242
0.318645
0.128976
0.190531
0.227298
0.383415
0.0823233
0.2221
0.22921
0.202229
0.167374
0.286192
0.226349
0.12434
0.170245
0.255146
0.156498
0.20318
0.253528
0.288944
0.221699
0.210423
0.275074
0.210624
0.188847
0.145266
0.169961
0.116265
0.252016
0.206098
0.166782
0.214797
0.322295
0.224317
0.210751
0.173051
0.287143
0.144855
0.0969947
0.281128
0.120762
0.239251
0.273039
0.250133
0.234628
0.154638
0.334484
0.27847
0.187358
0.160173
0.243879
0.260444
0.199618
0.22447
0.259544
0.356307
0.202116
0.237264
0.0864227
0.123818
0.20022
0.237734
0.242594
0.247642
0.230216
0.170987
0.116229
0.161913
0.262476
0.239661
0.266917
0.231553
0.220777
0.244839
0.249242
0.258357
0.196709
0.141578
0.219159
0.285827
0.251021
0.11734
0.197686
0.222413
0.196814
0.229266
0.298884
0.137477
0.147855
0.167436
0.151739
0.132674
0.232776
0.241818
0.112321
0.249883
0.200833
0.202924
0.116645
0.0942216
0.269888
0.190137
0.155478
0.208407
0.234354
0.25665
0.140426
0.214944
0.237338
0.246543
0.158557
0.248822
0.146448
0.164118
0.233027
0.166022
0.25386
0.142124
0.199252
0.177057
0.211897
0.278497
0.184612
0.142385
0.189196
0.239031
0.248117
0.188619
0.124107
0.171947
0.273753
0.215242
0.142608
0.193283
0.283365
0.186285
0.160225
0.0885942
0.263624
0.16678
0.212358
0.137863
0.19074
0.227162
0.164621
0.153662
0.219059
0.302696
0.168346
0.19102
0.129268
0.13129
0.139645
0.173246
0.238752
0.185378
0.230524
0.247953
0.18896
0.23449
0.267326
0.228925
0.253731
0.224722
0.228458
0.265418
0.235311
0.211216
0.193692
0.254277
0.24702
0.233181
0.209173
0.30149
0.132569
0.236884
0.2863
0.22624
0.195399
0.224921
0.171285
0.179967
0.170081
0.218776
0.301278
0.249387
0.223698
0.151951
0.235442
0.18009
0.173274
0.215266
0.141748
0.157862
0.190819
0.190515
0.286785
0.318841
0.246562
0.281778
0.193942
0.193444
0.235001
0.211587
0.225316
0.218134
0.110277
0.213212
0.243342
0.210733
0.248995
0.19199
0.256673
0.233894
0.2502
0.213329
0.22196
0.242048
0.208078
0.14172
0.193962
0.236615
0.25606
0.243344
0.333374
0.248927
0.114058
0.133125
0.275748
0.26743
0.211022
0.161033
0.193965
0.245703
0.404074
0.198222
0.292391
0.217703
0.137618
0.230721
0.262074
0.291308
0.136513
0.299928
0.213453
0.261222
0.198601
0.126864
0.232597
0.284564
0.252566
0.177116
0.199973
0.190418
0.240636
0.316092
0.205023
0.185324
0.133522
0.172041
0.130436
0.164336
0.221372
0.223643
0.11421
0.124722
0.247665
0.231172
0.350528
0.215285
0.227365
0.271033
0.259414
0.166714
0.158885
0.214286
0.162157
0.241493
0.220766
0.318143
0.426972
0.214396
0.265921
0.350191
0.35435
0.259218
0.291929
0.283816
0.207734
0.183857
0.237611
0.223926
0.239849
0.314506
0.341683
0.302261
0.247643
0.165192
0.156835
0.26198
0.213829
0.260597
0.278112
0.230506
0.188226
0.230044
0.293505
0.135676
0.251401
0.345996
0.328321
0.389178
0.324208
0.329588
0.232355
0.220065
0.247488
0.15291
0.200928
0.241304
0.311492
0.323459
0.334357
0.384209
0.334657
0.264735
0.256932
0.193141
0.169211
0.230519
0.192648
0.27885
0.228165
0.249602
0.280588
0.212313
0.276982
0.297558
0.425349
0.302359
0.260991
0.238225
0.265361
0.274399
0.326708
0.263446
0.236516
0.170387
0.221783
0.170723
0.128051
0.302108
0.228011
0.243171
0.236317
0.261545
0.239276
0.223172
0.236756
0.157074
0.215332
0.246757
0.211981
0.318931
0.210152
0.168281
0.195613
0.225674
0.185926
0.213325
0.269947
0.292447
0.2543
0.183174
0.206391
0.192332
0.150635
0.157343
0.207876
0.232111
0.142862
0.13641
0.12745
0.232672
0.265124
0.21511
0.238245
0.243157
0.18265
0.189012
0.328055
0.313045
0.189133
0.297773
0.272772
0.261796
0.409165
0.423684
0.370596
0.226263
0.297867
0.250803
0.252318
0.28492
0.264645
0.213594
0.219984
0.272813
0.222859
0.159176
0.211412
0.359927
0.293069
0.166762
0.238199
0.251574
0.265572
0.27217
0.252611
0.111593
0.243512
0.188404
0.125708
0.238491
0.361563
0.271975
0.19913
0.115541
0.154135
0.152754
0.221854
0.159461
0.123852
0.143004
0.223151
0.258053
0.293448
0.283042
0.270488
0.356554
0.358532
0.320151
0.303946
0.228687
0.345587
0.199749
0.225829
0.210462
0.241227
0.228402
0.186045
0.244628
0.220737
0.163808
0.175852
0.171556
0.195544
0.190661
0.184812
0.167405
0.264527
0.335093
0.283029
0.406172
0.32813
0.198948
0.195959
0.133423
0.244548
0.202667
0.135914
0.214182
0.202475
0.224939
0.122131
0.196941
0.213566
0.106682
0.28006
0.19917
0.260238
0.192965
0.196074
0.274988
0.218618
0.194902
0.191652
0.273388
0.224717
0.242407
0.192568
0.190421
0.276113
0.226704
0.131608
0.17263
0.122625
0.140845
0.183142
0.254546
0.236866
0.249321
0.250936
0.238986
0.394966
0.189349
0.168954
0.219234
0.321682
0.327866
0.221618
0.124872
0.214917
0.272957
0.118281
0.186275
0.267664
0.22283
0.234074
0.237516
0.116572
0.198888
0.154521
0.234079
0.225372
0.274838
0.179221
0.161607
0.139879
0.155237
0.238538
0.23457
0.227551
0.253112
0.153309
0.238687
0.171228
0.320232
0.244704
0.206832
0.155106
0.235255
0.243829
0.147858
0.164949
0.220095
0.191409
0.215631
0.208607
0.20586
0.141592
0.214318
0.173577
0.242451
0.12576
0.129238
0.203029
0.268741
0.232448
0.145703
0.287023
0.255506
0.17297
0.188051
0.103847
0.157252
0.245749
0.312446
0.198721
0.0676872
